0.05873668644004814 -0.9982735104499385 
0.21506473109708066 -0.9765997959441424 
0.20822230776437847 -0.9780815255127133 
0.20372044265236636 -0.9790291013271892 
0.09434628358675182 -0.9955394410938062 
0.131517235457309 -0.99131388408398 
0.14256225084784915 -0.9897858377614801 
0.22982464774277053 -0.9732320541833337 
-0.0011876535972440135 -0.9999992947392177 
-0.1109063153084839 -0.9938308655021211 
0.08405404045121274 -0.9964611975806312 
0.030357142416829373 -0.999539115744994 
0.07941289481700665 -0.996841808983142 
0.0042339221402792 -0.9999910369114865 
0.05602314280684538 -0.9984294704534937 
0.026088315389274874 -0.9996596419782834 
0.10991019522566361 -0.9939415219143712 
0.08290976752521222 -0.9965570583006852 
0.15077581113289107 -0.9885679818693394 
0.06177638401632439 -0.9980900151679044 
0.13613188834941997 -0.9906907231696584 
0.10353460553556233 -0.9946258519949073 
0.16449817688587648 -0.9863773871096311 
0.2669748441947294 -0.9637034982644818 
0.2387395608271565 -0.9710836329050431 
0.2396759997932231 -0.970852931768308 
0.32334108734554984 -0.9462824849030006 
0.11651319087368901 -0.9931891442985225 
0.014124111912120606 -0.9999002497562914 
0.0823649362660934 -0.9966022362376489 
-0.006167532414358387 -0.99998098059109 
0.10523467975482412 -0.9944474154910855 
0.14815015617797941 -0.9889648786607339 
0.08584969977330062 -0.9963080994596171 
0.16077831524869143 -0.9869905436962364 
0.04006260769357796 -0.9991971714655674 
0.035084700349626546 -0.999384342383538 
-0.003643422980479971 -0.9999933627124659 
-0.060655019539024975 -0.9981587892738912 
0.17917049025099957 -0.9838180397935467 
0.07592225422750282 -0.9971137404092948 
0.26764390350184497 -0.9635178985977869 
0.1572226432249958 -0.9875631830203806 
0.13078440758708157 -0.9914108324665896 
0.1060842557962602 -0.9943571444265655 
0.03969091571756311 -0.9992120051367984 
0.0951864830975764 -0.9954594584590147 
0.27460921592942517 -0.9615559154446642 
0.16628680125258014 -0.9860774308994121 
0.06488883630546602 -0.9978924986805554 
0.17742966159482834 -0.9841334844350864 
-0.053491035191988154 -0.998568329737174 
0.14502177548996065 -0.9894284636262186 
0.33903710533175124 -0.9407730019554489 
0.1252450446599486 -0.9921258381818949 
0.1330425915754031 -0.9911103212190359 
0.16490575856941941 -0.9863093281474349 
0.21642256806795754 -0.9762997859422433 
-0.03677607693654582 -0.9993235312776124 
0.05012557329306284 -0.998742923330144 
0.16095211342692278 -0.9869622166949487 
0.18005319566137604 -0.9836568744903511 
0.09120415417891098 -0.9958322159181783 
0.27027802039017657 -0.9627823179171745 
0.18396260608442191 -0.9829332426785797 
0.03631011255113431 -0.9993405704395895 
0.14722882536958246 -0.9891024582824033 
-0.0384910202360089 -0.9992589461001543 
0.19406378118108783 -0.9809889137160005 
0.09968530657052002 -0.9950190147197899 
0.20859396873693994 -0.9780023293461894 
0.0939209892177449 -0.9955796541635231 
-0.009207806360552394 -0.9999576072524408 
0.2700626677902031 -0.9628427470080658 
0.24706771240892214 -0.968998217482892 
0.21126201411466128 -0.9774294661980559 
0.029903556772135235 -0.9995527886471908 
0.08381827979661811 -0.996481056504305 
0.164092628127718 -0.9864449348007919 
-0.015753368085057645 -0.9998759079975758 
0.08504134199535272 -0.9963774235457313 
-0.023114310096101646 -0.9997328286441239 
0.08467795349023137 -0.9964083722012307 
0.17356947978242565 -0.984821626330402 
0.1357075540758424 -0.9907489388168692 
0.1025547428570985 -0.9947273620030337 
0.15617763769596163 -0.9877289838228445 
0.2177152913099337 -0.9760123216075864 
0.18054553092378736 -0.983566627770304 
0.034869950625359386 -0.9993918583535615 
0.10314967943596033 -0.9946658452124808 
0.11962553793917748 -0.9928190825486598 
0.015238697386080725 -0.999883884309561 
0.16860247042997706 -0.9856841314360847 
0.08834455983420213 -0.9960899752269878 
0.11548556921053396 -0.9933091579685144 
0.012633940345666807 -0.9999201885907405 
-0.006726124335614362 -0.9999773793698645 
0.14251442314659815 -0.989792725369909 
0.13038669135130776 -0.9914632170274694 
0.1952749108806863 -0.9807485453369482 
0.10969369067629421 -0.9939654391505841 
0.10434865798702209 -0.9945407772315359 
0.11680159501440848 -0.9931552685265734 
0.17899543262845202 -0.9838499047609616 
0.06063521934015423 -0.9981599922735691 
0.15069904433290685 -0.9885796872468848 
0.17883482011856752 -0.9838791120423075 
0.02365262214031451 -0.9997202375994434 
0.16363244741169475 -0.986521374403038 
0.07890930650057401 -0.9968817990853271 
0.19721012471011992 -0.9803612429670091 
0.12383799465791016 -0.9923024493969103 
0.05160186379905192 -0.9986677363630329 
0.3103447874974978 -0.950624064955823 
0.12252560160883617 -0.9924653530226598 
0.02631590799009839 -0.9996536765233531 
0.28924602846614617 -0.9572547910648247 
0.36596950778274073 -0.930626842173198 
0.05899131680231983 -0.9982584958526165 
0.10059898333509665 -0.9949270548899276 
0.07117397112694543 -0.9974639170586677 
-0.016153579856616123 -0.9998695224167081 
0.18495887723353083 -0.9827462611134736 
0.20273505601689287 -0.97923362741576 
0.11779529529688734 -0.9930378987762345 
0.006351684191054785 -0.9999798278505108 
0.06391724970230388 -0.9979552019958077 
0.18417258955030674 -0.9828939196364652 
0.040385736995396916 -0.9991841633289325 
0.17827960273196208 -0.9839798693315498 
-0.133132470328989 -0.9910982521143405 
0.12769689624382763 -0.9918132398237548 
0.07245471341444205 -0.9973717032801919 
0.019509937023000457 -0.9998096630646047 
0.202050855084323 -0.9793750313131808 
0.02503586543282059 -0.9996865535966909 
0.08122071076250105 -0.9966961403272484 
0.18929047314567168 -0.9819211357213408 
0.08313692296100908 -0.9965381337613606 
0.18953146442629792 -0.9818746478000249 
0.1013082932417256 -0.9948550797580763 
0.21128403545770996 -0.9774247062360891 
-0.008232585980319698 -0.9999661116898296 
0.22032463599895677 -0.9754266014272562 
-0.0030430382435862272 -0.9999953699484053 
0.2169050774263038 -0.976192699924912 
0.23022059918900048 -0.9731384668735779 
0.09986769309403669 -0.9950007255656025 
0.17936785640655828 -0.9837820755066217 
0.09675690389404716 -0.9953080435467394 
0.0654684407992936 -0.9978546403456314 
0.14327477205927894 -0.9896829490757945 
0.2178763727210654 -0.9759763758462145 
0.17611429862789638 -0.9843697241477941 
0.06878780178426826 -0.997631313825748 
0.1747648777946166 -0.9846101957066221 
-0.16148630118603663 -0.9868749538463587 
-0.1894227970247928 -0.9818956176535794 
0.11948140792981773 -0.9928364382712334 
0.09199223515518364 -0.9957597243668542 
0.1405100906269964 -0.9900792465414034 
0.12605646532944276 -0.9920230680526775 
0.2507142045101599 -0.9680611487178057 
0.08183390376140093 -0.9966459813771236 
0.12246882437488105 -0.9924723608525502 
0.10630587628493832 -0.9943334755841682 
0.15777326331719976 -0.987475365455889 
0.06224093598991399 -0.9980611533804427 
0.17184360079183056 -0.9851242443808284 
0.1778434945356672 -0.98405878455067 
0.18112007371919167 -0.9834609900224588 
0.006402206738389079 -0.9999795056644306 
0.1338788429716844 -0.9909977070632218 
-0.01627798922846925 -0.999867504755844 
0.17043691266380476 -0.9853685903262954 
0.1591784144969028 -0.9872498327972774 
0.13434527189841725 -0.9909345830671873 
0.20435324597847476 -0.9788972115896853 
0.19139367286577372 -0.9815133529335958 
0.13638135089255443 -0.9906564122483243 
0.02502437465002794 -0.9996868413025026 
0.20634745777190402 -0.9784787819217503 
0.06957838303302602 -0.9975764876010809 
0.11946103661129771 -0.9928388896149033 
0.11643973884552355 -0.9931977583631502 
-0.011707353817987294 -0.9999314665848757 
0.05536860541837377 -0.9984659821616481 
0.05718336919146829 -0.9983636923926632 
0.3163946305960432 -0.9486276602176396 
0.2364579040907689 -0.9716417341762347 
0.24235680802298837 -0.9701871868896788 
0.1515719795989032 -0.9884462226142956 
0.22862679633383398 -0.9735141437072847 
0.1307333404950737 -0.9914175677700083 
0.08152395371493158 -0.9966713826385735 
0.028110283058338806 -0.9996048279127008 
0.19696529635006874 -0.9804104609977036 
0.10626842042659838 -0.9943374793399049 
0.1843999009132714 -0.982851299303804 
0.1545506466113416 -0.9879848671067873 
0.1612103471893613 -0.9869200696910999 
0.14081543394172222 -0.990035864786627 
0.0018354607824341872 -0.9999983155404394 
0.07609887652804607 -0.9971002762968072 
0.0671469589439863 -0.9977430961447815 
0.07798299026187137 -0.9969546896573669 
0.14122508947925683 -0.9899775119171019 
0.003781372400838956 -0.999992850585826 
-0.024671752488606934 -0.9996956059867128 
0.08026996344178969 -0.996773160237099 
0.005131091811023811 -0.9999868358617661 
0.27072859438583824 -0.9626557163295029 
0.2666129077738698 -0.9638036923608261 
0.06671951524700134 -0.9977717706395611 
0.15701536248797351 -0.9875961603523833 
0.05588901328299487 -0.9984369875932347 
-0.022249704402072967 -0.9997524446851932 
0.1164683115854213 -0.993194408158061 
0.17803101110743766 -0.9840248772688948 
0.1996789533967835 -0.9798613756906459 
0.3349257104409215 -0.9422445375196631 
0.023552745285328355 -0.9997225956181667 
0.1542043152590363 -0.9880389815971289 
0.14286545456844038 -0.9897421188829709 
-0.013949164837189687 -0.999902705667079 
-0.0063098515524908005 -0.9999800926885423 
0.06274364801341549 -0.9980296762291032 
-0.09887671855968398 -0.9950996907480523 
0.10505605609017256 -0.9944663016305675 
0.06916246373857324 -0.9976054097736291 
0.1010017461536716 -0.9948862484092889 
0.10479411604948909 -0.9944939382627761 
-0.08461501821766235 -0.9964137186390123 
0.11556609709486541 -0.9932997922089082 
-0.04327317366722514 -0.9990632774958582 
0.05476323967615622 -0.9984993678416485 
0.2072845509495015 -0.9782806933276683 
0.02797196331971161 -0.9996087080793368 
0.05592266864312815 -0.9984351031147848 
0.1637471384697269 -0.986502343962231 
0.18159186792493898 -0.9833739845570105 
0.11658478055353744 -0.9931807433409509 
0.019274884784011077 -0.999814222151577 
0.1155935443915644 -0.9932965984513363 
0.13342592315095353 -0.9910587888875794 
0.28595643560293155 -0.9582426190361534 
0.0731034025584943 -0.9973243667605693 
0.1532497370401387 -0.9881874913684793 
0.2982328969418092 -0.9544931320767563 
0.06363608742618392 -0.9979731701689616 
0.15414147040284737 -0.9880487878146748 
0.04774803089529732 -0.9988594123026631 
0.13622095633534756 -0.9906784801614917 
0.2852832585038599 -0.9584432494505973 
0.06245993354715604 -0.9980474721681754 
0.1116351813842024 -0.9937492572461708 
0.023702956436296673 -0.9997190454603628 
0.11909819968399607 -0.9928824798696122 
0.12330701217246635 -0.9923685710204144 
0.2573039927774492 -0.9663305103849212 
0.160549671113281 -0.9870277620743083 
0.1896643511194764 -0.9818489873266805 
0.04662750837369687 -0.9989123462360753 
0.14332462132443238 -0.9896757311979556 
0.18177936384563806 -0.9833393426889189 
0.1344603721074069 -0.9909189716282244 
0.18804009822623838 -0.9821613520491767 
0.13146178897360294 -0.9913212385699501 
0.21176970975441917 -0.9773195946211909 
0.21720806219828018 -0.9761253288979177 
0.2701626517563171 -0.9628146974345556 
0.2556482413338469 -0.9667698674984193 
0.23226540569633694 -0.972652446311999 
0.012299515324321915 -0.9999243581005448 
0.06863763148560716 -0.9976416568808892 
0.17111326380581654 -0.9852513643480637 
0.13672325887835834 -0.9906092824528152 
0.011007363688479052 -0.9999394171371732 
0.1202721326577181 -0.9927409602237455 
0.023426729173389317 -0.9997255565205065 
0.30431966063307647 -0.9525699681137177 
0.22572397235574695 -0.974191299644963 
0.09051727069798562 -0.9958948858716907 
-0.05085213633862296 -0.9987061931468124 
-0.06830121063484394 -0.9976647456063658 
0.07811100462747418 -0.9969446679510787 
0.16479198249800803 -0.9863283441655605 
0.20574509796626317 -0.9786056175308072 
0.277834437114798 -0.960628973929635 
0.1979055770304547 -0.9802210886224816 
0.08440102672485131 -0.9964318675593384 
0.1750261421773799 -0.9845637864326026 
0.06962848120805218 -0.997572992118702 
0.17872748427070428 -0.9838986158981347 
0.12711644311903497 -0.9918878010585497 
0.13241720680186164 -0.9911940694651038 
0.04978750090077961 -0.998759833370393 
0.18582753894557036 -0.9825823760730865 
0.05472907326595125 -0.9985012411306509 
0.05364756552706496 -0.9985599324592488 
0.08521079234936797 -0.9963629463539844 
0.22540605002095482 -0.9742649088486923 
0.0561568135571987 -0.9984219610420746 
0.29066487408424063 -0.9568249217979183 
0.14575554311725836 -0.9893206364220818 
0.24468455930376798 -0.9696027364020385 
0.34032650163560013 -0.9403073286348852 
0.17712263646475937 -0.9841887886232867 
0.2107940240399487 -0.977530500510877 
0.0468542182638519 -0.9989017380257597 
0.10994148171949357 -0.9939380617509936 
0.24060605655356013 -0.9706228544340716 
0.15996877247432364 -0.9871220754461214 
0.20644505640194794 -0.9784581946548336 
0.07714852914348945 -0.9970196108658025 
0.21569162411453305 -0.9764615319032465 
0.20443297280076542 -0.9788805645388213 
0.09344543479138595 -0.9956244024312827 
-0.017524988445201832 -0.9998464255974492 
0.16733595676743612 -0.9858999328393966 
0.09215838550159113 -0.9957443607581918 
0.1742864803703503 -0.9846949897100703 
-0.041274810669755045 -0.9991478319068584 
0.18454887640805517 -0.9828233372364152 
0.11647491954524254 -0.9931936332442578 
0.13367493714246848 -0.9910252323629086 
0.06510939124584277 -0.9978781324247946 
-0.08952504391830866 -0.9959845714223815 
0.03281841340568527 -0.9994613307885071 
-0.008531298165918114 -0.9999636078136065 
0.12780589262052727 -0.9917992003482711 
0.050486261650048055 -0.9987247555681209 
0.025386020735923626 -0.9996777230443795 
0.06714301336580514 -0.997743361669803 
0.16923535259014186 -0.9855756670259724 
0.23943275536021344 -0.9709129495792175 
0.15040170593514215 -0.9886249677465155 
0.15803446908596583 -0.9874335960360662 
0.18034667178663252 -0.983603109986688 
0.12807180277895702 -0.9917648982157756 
0.15150786091334736 -0.9884560526808777 
0.14163421119108144 -0.9899190624592903 
-0.032033956239387054 -0.9994867811270207 
-0.019708518905761797 -0.9998057682782898 
0.04536804463701836 -0.9989703401632171 
0.24317832592422958 -0.9699815986917945 
-0.012726621675750753 -0.9999190132709359 
0.0798767489334841 -0.9968047476711861 
0.311086851525168 -0.9503814869872824 
0.08567298846754577 -0.9963233105006827 
0.07378718347027144 -0.9972740102677522 
0.05050004160622068 -0.9987240588860218 
0.15439197029773521 -0.9880096758167823 
0.18747917972095898 -0.9822685769030567 
0.09164196225175517 -0.9957920218372147 
0.1563653332824607 -0.9876992875098498 
0.26959278890438676 -0.9629744171943275 
0.18821119045910545 -0.9821285800677865 
0.09381655677894908 -0.9955895005845241 
0.06820530639124629 -0.9976713066837576 
0.11305896754702405 -0.9935882798509658 
0.09406954456451273 -0.9955656285677128 
0.07794247424488901 -0.9969578580404412 
0.1805831040565643 -0.983559730026243 
0.3295873512046865 -0.944125085953063 
0.1219251968325749 -0.9925392921075407 
0.17859196117805812 -0.9839232243435333 
0.2035802790403035 -0.9790582566864303 
0.19686324400321442 -0.9804309578754288 
0.057871082731818034 -0.9983240645118432 
0.1330326243754457 -0.9911116591241279 
0.11781056448172546 -0.9930360874089608 
-0.015149310730118184 -0.9998852426075716 
0.33118857690626696 -0.9435645852440635 
0.009701929708607566 -0.9999529351724156 
0.25770285654601965 -0.966224217109063 
0.15145234406750838 -0.9884645605566531 
0.025970350185733064 -0.9996627135745488 
-0.03236950829334898 -0.9994759701627883 
0.21234388951209698 -0.9771950023341679 
0.26921129723450077 -0.9630811375171447 
0.15824692248538524 -0.987399570348248 
0.14522027070077867 -0.9893993495942843 
0.03365621901515514 -0.9994334689821047 
0.039361122014553565 -0.9992250507637184 
0.10750230551797378 -0.9942048351865527 
0.029623900780375863 -0.999561115941669 
0.11466949771052484 -0.9934036975443649 
-0.10795247446132772 -0.9941560557868551 
0.2730924005199907 -0.9619878069800203 
0.25039687804195115 -0.968143276311334 
0.258959898238693 -0.9658880737974798 
0.11929339816176594 -0.992859045965246 
0.07429565748057465 -0.9972362585062424 
0.21282358759797418 -0.9770906409141003 
0.09008526840436967 -0.9959340562590039 
0.12169933736590421 -0.9925670109794602 
0.1823059686120318 -0.9832418490933088 
0.08990332316218498 -0.9959504970049444 
0.14440852283936886 -0.9895181547254964 
0.03795014541037196 -0.9992796337679116 
0.13647611673161933 -0.9906433614383421 
-0.041524343988045005 -0.9991374924685604 
0.15552778952939317 -0.9878315173571354 
0.19511289341722485 -0.9807807904024011 
0.17168607358980867 -0.9851517102128559 
0.2892544341254953 -0.9572522511536545 
0.19173332682651614 -0.9814470598988192 
0.17637255868133667 -0.984323483690295 
0.33921179357944437 -0.9407100292314399 
0.1548030148868973 -0.987945356070834 
0.21738238594120446 -0.976086521924419 
0.05747116683003853 -0.9983471665624108 
0.11381625401846442 -0.9935018169692515 
0.27595116383238966 -0.9611716574990908 
0.190212080832895 -0.9817430235582121 
0.04818313702946932 -0.9988385181329359 
0.03038966791903007 -0.9995381273787265 
0.10334254183462206 -0.9946458259336131 
0.28811164758437874 -0.9575968246220403 
-0.06850191692817324 -0.9976509847522658 
0.10639710979114488 -0.9943237174220932 
0.1428511113886522 -0.9897441891595156 
0.03766177437681277 -0.9992905437112822 
0.06313553055551371 -0.9980049623030307 
0.12687271806776107 -0.9919190054687421 
-0.034833659699997514 -0.9993931239266682 
-0.010388281281845125 -0.9999460403501829 
0.2793309485142187 -0.9601948870943581 
0.13329490775031302 -0.9910764186316995 
0.07079234079392012 -0.9974910748898546 
0.12308906685948824 -0.9923956275698017 
0.24430269984223973 -0.96969902075324 
0.18091354964658307 -0.9834990023148337 
0.14670128347738354 -0.9891808395971327 
0.09798404059726441 -0.995187986155497 
0.12997240238705818 -0.9915176118545433 
0.20727189360995626 -0.9782833751625052 
0.03662385101201614 -0.9993291217296981 
0.13523155397627 -0.9908140223115351 
0.1966265671541599 -0.9804784511090341 
0.12145251626736467 -0.9925972427386273 
0.1924699359058887 -0.981302870561573 
0.06089771357614802 -0.9981440118946752 
0.15413667380876622 -0.9880495360998708 
0.20633808042330376 -0.9784807594261761 
0.07302286884918946 -0.9973302665742347 
0.30389872856458106 -0.9527043417434556 
0.01181272007793589 -0.9999302273880715 
-0.01410051644402282 -0.9999005827761137 
0.12438748537291949 -0.9922337191824321 
0.21061950604620336 -0.9775681171523821 
0.18213871178784766 -0.9832728459935539 
0.15066097491321762 -0.9885854897975181 
0.07253635441562528 -0.9973657690577168 
0.22372497067462863 -0.9746523162115999 
0.2059356226822508 -0.9785655416529204 
0.16712337650845382 -0.9859359903281824 
0.0017243073157135465 -0.9999985133810355 
0.19475741695588997 -0.9808514406069198 
0.19202646033049559 -0.9813897485367068 
0.1755636970640826 -0.9844680737703946 
0.18374395636840266 -0.9829741392824567 
0.08576377959134478 -0.9963154992823344 
0.15265254476318346 -0.9882799201528504 
0.16710608905597119 -0.9859389205221679 
0.02214988538357756 -0.9997546611931821 
0.1192256867448866 -0.9928671792441375 
0.22336027641963704 -0.9747359575381137 
0.0952269163237826 -0.9954555913788738 
0.13995541605215764 -0.9901578063711195 
0.09109654188063192 -0.9958420658203742 
0.23541479736091295 -0.9718949908212926 
0.1717785476244624 -0.9851355899448717 
0.11930967785606728 -0.9928570898018916 
-0.022517950718625706 -0.9997464388010759 
0.04207265528161809 -0.9991145538313183 
0.09853545340696096 -0.9951335409993398 
0.06872732123788713 -0.9976354821854845 
0.29686187342595627 -0.9549204302485268 
0.21137687624660229 -0.9774046327843083 
0.014254720053318999 -0.9998983963164465 
-0.004408182270836258 -0.9999902839173324 
0.28362668484011927 -0.958934775491328 
0.22627527921819113 -0.9740633952750353 
0.18291326513079256 -0.9831290543154508 
0.0997433058137286 -0.9950132023975105 
0.1407788452858413 -0.9900410681986809 
0.08143409315835771 -0.9966787288145945 
0.05856503140041549 -0.9982835955263756 
0.2633191413938164 -0.9647087797753389 
0.15304376500097464 -0.9882194118688048 
0.1782654330471611 -0.9839824365203417 
0.15564079450389007 -0.9878137188185827 
0.10220161027464066 -0.9947637060414249 
0.07128486811428927 -0.9974559978154066 
0.04641225634954937 -0.9989223705876967 
0.05564847884209887 -0.9984504228065408 
0.12082226804567853 -0.9926741557753472 
0.02721284927803437 -0.9996296618419098 
0.2984747838615003 -0.9544175204798112 
0.23638380453720104 -0.9716597639876412 
0.19244396828849664 -0.9813079634189138 
0.10355436092687226 -0.9946237953784471 
0.22524785185180354 -0.9743014960658472 
0.21986228618722695 -0.9755309196086641 
0.2571840501099924 -0.9663624394444461 
-0.06651297827105498 -0.9977855599884747 
0.16468576923231448 -0.9863460839950453 
0.14525167670225414 -0.9893947394317316 
-0.11654833483536725 -0.9931850208531657 
-0.04369598680847952 -0.999044874235804 
0.12486882219749686 -0.9921732596895614 
0.11029628897737563 -0.993898751703522 
0.21500672985394012 -0.9766125670487324 
0.17101516074402298 -0.9852683973393727 
0.1797849286308038 -0.9837059415481929 
-0.06161602356572813 -0.9980999276825682 
-0.002813701471985477 -0.9999960415341785 
-0.02202590074423198 -0.9997574004209249 
0.21740441609636815 -0.9760816153692259 
0.18516457757589516 -0.9827075247555298 
0.016673926365598064 -0.9998609804265564 
0.15332258846831348 -0.9881761906995009 
0.10284447948538096 -0.9946974479907852 
0.16626871975939267 -0.9860804798948068 
0.12992244666366723 -0.9915241589860161 
0.2201351284910917 -0.97546938711792 
0.13078908779178763 -0.9914102150545918 
0.2824092513002387 -0.9592940189431177 
0.16280036344623394 -0.986659030091842 
0.11836200174031151 -0.992970511417145 
0.23812095545791603 -0.9712355072647464 
0.17355472534108524 -0.9848242266068501 
0.03279378356723751 -0.9994621392325701 
0.21160439652218072 -0.9773554007486139 
0.12682189497314328 -0.9919255047408655 
0.12302823002769361 -0.9924031714057814 
0.2475318050603698 -0.9688797683322503 
0.07938705886434912 -0.9968438668542173 
0.26362067523374694 -0.9646264248864963 
0.033078795342142496 -0.9994527469063822 
0.20473592068968013 -0.9788172468746906 
0.08812643637371541 -0.996109296820419 
0.23505349530657932 -0.9719824352035173 
0.10071272938880968 -0.9949155472395917 
0.23717552550700846 -0.971466813689729 
0.022397510438931165 -0.9997491442987776 
0.06825373383299545 -0.9976679947847654 
0.07293697570770304 -0.9973365518091744 
0.22204658518116935 -0.9750360577995985 
0.12766900619649885 -0.9918168302951903 
0.0927831873377821 -0.995686336226144 
0.07018772824712657 -0.997533800331351 
0.08370008137000529 -0.9964909916194198 
0.19152094879809045 -0.9814885257462154 
0.024278498460746804 -0.9997052338126932 
0.1884949919060807 -0.9820741509816489 
0.1096785973611026 -0.9939671047277677 
0.16845663264757305 -0.9857090660621116 
0.2634412615976432 -0.9646754385221187 
0.1583729260499792 -0.9873793679707754 
0.19504466265180123 -0.9807943615106303 
0.12861271781622197 -0.9916948970403775 
0.10849611857442248 -0.9940968726710112 
0.13625863037631036 -0.9906732991496097 
0.08910897962658634 -0.9960218821641965 
-0.03595038537606978 -0.9993535759636387 
0.21437690599253906 -0.9767510133995593 
0.002583049918591812 -0.9999966639209944 
0.1452300182308642 -0.9893979188398684 
0.08631816418375017 -0.9962676219429935 
-0.0013229461149084553 -0.9999991249064055 
0.010813173565972264 -0.9999415359296923 
0.15603449699284747 -0.9877516062999793 
0.10377140771054948 -0.9946011738087638 
0.041546162420699105 -0.9991365854517154 
0.13915625121620523 -0.9902704366724538 
0.034420066000155354 -0.9994074539728753 
0.03200300491858675 -0.9994877726496613 
-0.027250947261346577 -0.9996286239766042 
0.017526963678717113 -0.9998463909742361 
-0.04676091148186661 -0.9989061102813342 
0.12318524408240376 -0.9923836937598072 
0.26846338771161016 -0.9632898885893102 
0.08709929006863003 -0.9961996354494116 
-0.06563720268227154 -0.9978435536816613 
0.10246521713988967 -0.9947365878846898 
0.0766903880488091 -0.9970549555470466 
0.23119707248657245 -0.9729069398835835 
0.1788347654906297 -0.983879121971755 
0.08363126814819574 -0.9964967691808762 
0.2704562258342262 -0.9627322732242366 
0.2110219970842325 -0.9774813127352268 
0.14681871510890393 -0.9891634166778361 
0.19177654750963957 -0.9814386154137624 
0.28434791130679615 -0.9587211614100641 
0.15585695294618573 -0.9877796364667225 
0.10239461268325854 -0.99474385813306 
0.10666171951186201 -0.9942953673787144 
0.052668693971982886 -0.9986120411227203 
0.06425104097975723 -0.9979337672075324 
0.0789020075965656 -0.9968823768114429 
0.20551699906113424 -0.9786535459992499 
0.23978231096654098 -0.9708266803850958 
0.17797099877755929 -0.9840357328847963 
0.07510502327540067 -0.9971756292042047 
0.26344275280047025 -0.9646750312913205 
0.09733712055337099 -0.9952514682040808 
0.09252498469388021 -0.9957103631113805 
0.15285787508512974 -0.9882481824038225 
0.15928250502791147 -0.9872330442160215 
0.11764682988924721 -0.9930554986590682 
-0.009472165274464312 -0.9999551380362086 
-0.025384503160526078 -0.9996777615808472 
0.27157381570634187 -0.9624176134208569 
-0.040719139130457604 -0.9991706319285382 
0.2745785267076449 -0.9615646794007459 
0.14198719309959837 -0.98986849479903 
0.07529196833393216 -0.9971615312999205 
0.31221066408369436 -0.9500128952979631 
0.03945301526642712 -0.9992214267050058 
0.041657088369938235 -0.999131966753411 
0.11223983455368207 -0.9936811458105472 
0.12911241321432979 -0.9916299636225059 
0.23445736877183315 -0.972126402392502 
0.22497665612284995 -0.9743641537945558 
0.10852186123557502 -0.9940940627696992 
0.22856488870180977 -0.9735286804469241 
2.867097228412484E-4 -0.9999999588987666 
0.08198191353448897 -0.9966338173337406 
0.17027760526042343 -0.9853961320944868 
0.07745719817598364 -0.9969956782507768 
0.17385323392063137 -0.9847715740491996 
0.37278057030205924 -0.9279195258239108 
0.15553733521307062 -0.987830014402689 
0.21667281930399512 -0.9762442775119649 
0.2111191084342218 -0.9774603429571653 
0.28900795279020886 -0.9573266961826628 
0.035440830903000355 -0.9993717764200193 
0.21118974627169929 -0.9774450834035104 
0.08798530840441593 -0.9961217724279394 
0.0425459770093185 -0.9990945099640586 
0.16693130532961237 -0.9859685285550204 
0.049004377916251556 -0.9987985637479866 
0.16470945139042006 -0.9863421295993935 
0.09975273480279592 -0.9950122571603643 
0.09185685437074921 -0.9957722220995678 
0.22124999446268134 -0.9752171245165168 
-0.02241308311664018 -0.9997487953007028 
0.15335302147681273 -0.9881714683211271 
0.12170054658529528 -0.9925668627154749 
0.15781825189005427 -0.9874681763836074 
0.1164756446676623 -0.9931935482066184 
0.15940239001462755 -0.9872136942210762 
0.09299470755506732 -0.9956666030186749 
0.10869099990891117 -0.994075583916435 
-0.01899071043051181 -0.99981966019745 
-0.028098947610526056 -0.9996051466169934 
0.06233645357055857 -0.9980551921393154 
0.0372313160568762 -0.9993066742020055 
0.056670988160245676 -0.9983929081784092 
0.19151708811321186 -0.981489279085939 
0.19297621464214076 -0.9812034348606767 
0.08640626187057181 -0.9962599850990475 
0.20919602415408617 -0.977873725732583 
0.051685030781076266 -0.9986634355943744 
0.26771928569971587 -0.9634969559186131 
0.07346826752315626 -0.9972975552297048 
0.05903481653394164 -0.9982559243184104 
-0.024281797185390638 -0.9997051536955521 
0.14190522453371782 -0.9898802489443029 
0.03770387581557135 -0.9992889560825157 
0.03517666738088773 -0.9993811095232761 
0.19266625681445754 -0.9812643443461632 
0.08399407879962867 -0.9964662536817802 
0.09333301843578697 -0.9956349469909467 
0.2013888786195021 -0.9795113677586287 
0.03546670495381009 -0.9993708585103528 
0.1471556562874788 -0.9891133468023781 
0.2513509506887368 -0.9678960169294366 
0.2720206093660496 -0.9622914257542373 
0.24931858344471303 -0.9684215218328853 
0.2357241853679009 -0.9718199979587986 
0.3269550721532401 -0.9450398831759799 
0.15155147118890336 -0.988449367231564 
0.2675801763644525 -0.9635355983131959 
0.11565904457087223 -0.9932889737679327 
0.1414295236104761 -0.9899483268591921 
0.03647483750890294 -0.9993345717169497 
0.13611118889756102 -0.9906935672834927 
0.11077204090991738 -0.9938458406375968 
-0.08695487441388011 -0.9962122513880595 
0.11284159440386195 -0.9936129903399986 
0.06225000241815829 -0.9980605879399002 
-0.12070045411520319 -0.9926889746423014 
0.2117676079066433 -0.9773200500560184 
0.2520581487744297 -0.9677120902605316 
0.05309528425459505 -0.9985894505701147 
0.10471509476444929 -0.9945022619021399 
-0.027848874196652915 -0.9996121448871952 
0.09440999812552049 -0.9955334008730894 
0.14057430815911828 -0.9900701307915442 
0.056073766564626086 -0.9984266286028513 
0.157553880414129 -0.9875103922321274 
0.09511612466681381 -0.9954661836689216 
0.019056927065979175 -0.9998184002761711 
0.14089974695568666 -0.9900238690596421 
0.11434563006126328 -0.9934410283886471 
0.08131773298509383 -0.9966882292382935 
0.3072809291347075 -0.9516188473281258 
0.09961991318610747 -0.9950255639413454 
-0.008055140772625789 -0.9999675568272869 
0.20278738550877307 -0.9792227919521259 
0.059799569111253975 -0.9982104044409217 
0.0969008261132477 -0.9952940419286003 
0.07114064012258758 -0.9974662948305314 
0.21100009672662004 -0.9774860404022949 
0.019966785550531246 -0.9998006438659556 
0.06637052310860769 -0.9977950459198973 
0.09948541525894986 -0.9950390204161614 
0.08306485770678017 -0.996544143234083 
0.07836767216497131 -0.9969245247055785 
0.02446932564947921 -0.9997005812253286 
0.05995419562199165 -0.9982011292456645 
0.16423462779434947 -0.9864213030106616 
0.22536398454981205 -0.9742746401645852 
0.08680932815742344 -0.9962249447513633 
0.25358873034492685 -0.967312129481507 
0.2435327033115731 -0.9698926860316853 
0.14218587476733244 -0.9898399754589873 
0.19506230197578672 -0.9807908535197027 
0.16960528275057707 -0.9855120740321232 
0.17913774908439703 -0.9838240019703604 
0.2005624671887727 -0.9796809157859269 
0.2052193834987016 -0.9787159979464997 
0.1183329880605233 -0.9929739694154465 
0.007688119672398786 -0.9999704459712311 
0.22178768064049467 -0.9750949824074113 
0.2930782778451501 -0.9560884493891352 
0.17251813776059588 -0.9850063411692415 
-0.030542542997809848 -0.9995334677074235 
0.035825259190004254 -0.9993580693645141 
0.040466930751605006 -0.9991808782775743 
-0.038687925765499384 -0.9992513419555479 
0.030912108199472578 -0.9995221065922775 
0.27275671727987416 -0.9620830386087817 
0.048572295154451425 -0.9988196694816482 
0.15246934157991784 -0.9883082008554752 
-0.02408702116043486 -0.9997098656168282 
0.0022339938928733335 -0.9999975046325299 
0.15209216658003605 -0.9883663151205582 
0.27355325303851014 -0.9618568592841915 
0.07511891874321436 -0.9971745825314895 
0.15998749740980522 -0.987119040781074 
0.1761857521509672 -0.9843569376699682 
0.07857837250966018 -0.9969079392670785 
0.2521037552862821 -0.9677002100705334 
0.07666541081011172 -0.997056876404409 
0.026900831067058307 -0.9996381071607372 
-0.15643382734693173 -0.9876884415956229 
0.09917747054633039 -0.9950697610399142 
0.1639399985385281 -0.9864703122137978 
0.13867819233938847 -0.9903374975075313 
0.13931615383395973 -0.9902479534343468 
0.11185071922932541 -0.9937250206208368 
0.033654655015316164 -0.9994335216490389 
0.08766715241007349 -0.996149823263704 
0.15467566397712176 -0.9879653025148386 
0.18137244890737045 -0.983414477612234 
0.17653325178681678 -0.9842946769202667 
0.14871598871677494 -0.9888799495894293 
0.0028335676960363535 -0.9999959854389977 
0.09660824358201464 -0.9953224840583067 
0.026126165893601744 -0.999658653469123 
0.19078340455847834 -0.9816321574526152 
0.2658873562129005 -0.9640041046624822 
0.07879860509458549 -0.9968905555953208 
0.1150547163788337 -0.9933591557130714 
0.04609676332181925 -0.9989369791990144 
0.20457046543156263 -0.9788518400008828 
0.21284254356109558 -0.9770865118557532 
0.2817814896042713 -0.9594786043036072 
0.07199368679660452 -0.9974050877459131 
0.3187237557198589 -0.9478476499627078 
0.09996831566932586 -0.9949906209920966 
0.19850060679319786 -0.9801007647699966 
0.16657512562376273 -0.9860287660729922 
0.1647054594782408 -0.9863427962012301 
0.16875639141339424 -0.985657790694686 
-0.05054171766317018 -0.9987219506827996 
0.10183986787247475 -0.9948008048407062 
0.12622678577172805 -0.9920014105603572 
0.21881313489224447 -0.975766781561367 
0.05894208761243091 -0.9982614037955632 
0.06771922268681353 -0.9977044185923473 
0.14449206622544167 -0.9895059589501736 
0.08466983195054056 -0.9964090623621743 
0.19505338110466844 -0.9807926276841792 
0.05447999864981516 -0.9985148620562019 
0.2747477429137497 -0.9615163429520063 
0.13737516064008343 -0.9905190887807823 
0.15078724956660938 -0.9885662372183955 
0.03923827344775726 -0.9992298824078667 
-0.018729025113925966 -0.999824596425934 
0.12121169231514843 -0.9926266798983885 
0.022089491704802677 -0.9997559974094796 
-0.044521288716849926 -0.9990084358257396 
0.17786897683732614 -0.9840541789346982 
0.13598913689301484 -0.9907103283236189 
0.0725585607490258 -0.9973641537883894 
0.20993579624312347 -0.9777151739927972 
0.10837801199339586 -0.994109755769633 
0.04927723446676678 -0.9987851391381969 
0.13483906635232662 -0.9908675119233816 
0.22507194896436586 -0.9743421461629287 
0.06529714554875787 -0.9978658641236228 
0.15188098821791898 -0.9883987886566576 
0.29728359139421784 -0.9547892261058225 
0.2595689276751099 -0.965724583815486 
0.06646890895874706 -0.9977884966974884 
0.05027201248820113 -0.9987355629797039 
0.058364397502242 -0.9982953456288376 
0.08194736696902213 -0.996636658490367 
0.038747782015501914 -0.9992490227109952 
0.22917560960413746 -0.973385093353382 
0.21266454367540163 -0.9771252692788848 
0.11873250387773071 -0.9929262774863623 
0.047300867966484826 -0.9988806875145886 
0.16754144061826431 -0.9858650342088193 
0.12772694662600345 -0.9918093703457324 
0.0901983026160977 -0.9959238255033237 
0.13030584755500402 -0.9914738453902714 
0.16146866502524912 -0.9868778395601777 
0.2999693642043046 -0.9539488353883898 
0.08915905766052257 -0.9960174006698316 
0.050180592931413116 -0.9987401604486784 
-0.04445053740069561 -0.9990115863816542 
0.1909001914821532 -0.9816094523241294 
0.24093401873079878 -0.9705414976281164 
0.2101649196182654 -0.9776659483493572 
0.11669409245607809 -0.9931679056362285 
0.09374907624913223 -0.9955958571139367 
0.17189625324281083 -0.9851150583160748 
0.22751606413979705 -0.9737743273255544 
0.130116032333245 -0.991498773640116 
-0.041748630535345894 -0.9991281458593904 
0.179963126213183 -0.9836733569653993 
0.13540540507495047 -0.9907902786546144 
0.052623959484661864 -0.9986143994997051 
0.12954059361398484 -0.9915741195725797 
0.1969421827869192 -0.9804151042487685 
0.051023770632229175 -0.9986974390827633 
0.13714675706285928 -0.9905507392492022 
0.20422145470153474 -0.9789247148987449 
0.3039088680950556 -0.9527011073223238 
0.040956916351557786 -0.999160913468382 
0.1114761397469529 -0.9937671106789144 
0.2540945219243714 -0.9671793907688611 
0.06732980254997809 -0.9977307741513144 
0.09478371465163624 -0.9954978892176705 
0.12670845744968026 -0.9919400016184057 
0.1955625004613047 -0.9806912401022669 
0.11104468565703 -0.9938154143437963 
0.1978391804339576 -0.9802344916830972 
0.22546629331703139 -0.9742509689899611 
0.12406870447493122 -0.9922736298873976 
0.19022268289747182 -0.9817409693556075 
0.16671802127676189 -0.9860046152942495 
0.14170785426750915 -0.9899085230660953 
0.0617522727373302 -0.9980915072335673 
0.04850236352646086 -0.99882306778145 
0.19289689949625938 -0.9812190306780285 
0.14657291346238385 -0.9891998691059095 
0.26910649534755393 -0.9631104267744987 
0.19908861366872732 -0.9799814916147468 
-0.08805446989441529 -0.9961156611215455 
0.011247695568629526 -0.9999367426714528 
0.15383473576815146 -0.9880965914682345 
-0.0062163080171734044 -0.999980678570659 
0.04888242704918743 -0.9988045396001066 
0.08476467945333668 -0.9964009981514336 
0.10953280412307267 -0.993983181357178 
0.197820497959123 -0.98023826215222 
0.03207326530510201 -0.999485520481747 
0.28512301265257517 -0.9584909324849763 
0.04752677941290332 -0.9988699641287835 
0.011024299986125093 -0.9999392305584454 
-0.05217832132152355 -0.99863778357524 
0.17587353866274097 -0.9844127683031368 
0.05727412451480149 -0.9983584900530785 
0.15063915469453054 -0.9885888149645015 
0.2603211005981844 -0.965522099479525 
-0.06094461452411228 -0.9981411493173235 
0.11595154881530216 -0.9932548707795662 
0.016103034631548413 -0.9998703377316757 
0.08185853756731079 -0.9966439584060806 
0.18651935218008805 -0.9824512869665957 
0.12047997955913159 -0.9927157571658825 
0.05095158738429269 -0.9987011243325107 
0.2478981705050175 -0.9687860945844883 
0.04016957098877559 -0.9991928770595684 
0.12564789156817016 -0.9920749000677689 
0.048349777778464005 -0.9988304655890173 
0.12112889034942871 -0.9926367875122883 
0.18583581393666151 -0.9825808110575427 
0.2583617479436886 -0.9660482426874354 
0.051081512247143274 -0.9986944873716611 
0.3032568082557025 -0.9529088667058168 
0.1698541189236591 -0.9854692173196824 
0.10972297610326483 -0.9939622067840619 
0.1379393656552122 -0.9904406753575086 
0.05002834580764947 -0.9987477983033305 
0.054540748244243285 -0.9985115456422916 
0.13550353473197344 -0.9907768629086676 
-0.12257951762557602 -0.9924586952909834 
0.1111925110020537 -0.9937988858401171 
0.22671683244671872 -0.9739607168080889 
0.1171539521481979 -0.9931137656361722 
0.25000731172437396 -0.9682439486432908 
0.24875303021243694 -0.9685669465556473 
0.1575705101217212 -0.987507738875995 
0.09383691921678768 -0.9955875815777847 
0.09324597209369469 -0.995643103068716 
0.026925472375742818 -0.9996374437451526 
0.20479230764343412 -0.9788054509094628 
0.08019365845448297 -0.99677930212444 
0.20382254765841418 -0.9790078493383153 
0.2546104517126628 -0.9670437000873713 
0.10108041484349706 -0.9948782587508215 
0.03793626593543765 -0.9992801607791859 
0.1190768692599126 -0.9928850382633719 
0.13244371695379173 -0.9911905275170177 
0.015596748037805048 -0.9998783633275825 
0.04306218015959761 -0.9990723940935924 
0.05171762929693857 -0.9986617479506785 
0.17910043532828784 -0.9838307954446321 
0.038086584160343565 -0.9992744428369 
0.14404318185083584 -0.989571403064118 
0.08781885045287381 -0.996136461286874 
0.09818927580774402 -0.9951677577757184 
0.056962350915335073 -0.9983763271323084 
0.019337175679017337 -0.9998130193374953 
0.2149574192242243 -0.9766234217550085 
0.05395033856269438 -0.9985436199630794 
0.1982886039877601 -0.9801436780026617 
0.2354204241091322 -0.971893627879243 
0.12465264063345102 -0.9922004430472241 
0.18948038813714851 -0.981884505688625 
0.09428660200065982 -0.9955450952534343 
0.21123821847029584 -0.9774346090954091 
0.26237592948669836 -0.9649657359854759 
0.0355066637460108 -0.9993694396116121 
0.17990588660807305 -0.9836838272350334 
-0.0626813099114973 -0.9980335933162665 
0.03557515900274348 -0.9993670036887997 
-0.00634974431938859 -0.9999798401703298 
0.006887842307063083 -0.9999762785328226 
0.10983258386043208 -0.9939501011230599 
0.11907624893483716 -0.9928851126588659 
0.2065567622404415 -0.9784346191610075 
-0.031156390498342117 -0.9995145218210263 
0.26843907395822003 -0.9632966643627774 
0.04093573568659806 -0.9991617814667437 
0.11126155575871567 -0.9937911582471189 
0.008063802378596817 -0.9999674870170524 
0.11613936197819871 -0.9932329276656593 
0.13532214997445466 -0.9908016530700235 
0.15889493916900374 -0.9872954969544218 
0.09951830652321167 -0.9950357313517701 
0.13089652406447824 -0.9913960358947566 
0.07363058983484362 -0.9972855840934296 
0.07747620463934184 -0.9969942014448644 
0.03707763039800573 -0.99931238825708 
0.10414471131292073 -0.9945621544707745 
0.06390232431894038 -0.9979561578279063 
0.058828204896242735 -0.9982681214526915 
-0.0033279110019773985 -0.9999944624888494 
0.08207472917998787 -0.9966261780778346 
0.08591067089928943 -0.9963028438309478 
0.001567715950625407 -0.9999987711325939 
0.22571113932572617 -0.9741942730196491 
0.16239291411614387 -0.9867261734872885 
-0.020889739904982073 -0.9997817855745834 
0.10848392924571183 -0.9940982029434574 
-0.06063506184387325 -0.9981600018409822 
0.11229897968895804 -0.9936744633736035 
0.2578104372430365 -0.9661955177129288 
0.03884665120619696 -0.9992451839714135 
0.1352967681221615 -0.9908051193527909 
0.1258560372615571 -0.992048515892654 
0.11629371768973665 -0.99321486659529 
0.09498860452427672 -0.9954783598906259 
0.10845941733743808 -0.9941008775727056 
0.15366211010485903 -0.9881234517600127 
0.13127848022422742 -0.9913455303929187 
0.10265040231980282 -0.994717495022372 
0.19294160564058907 -0.9812102408825703 
0.24116078157508855 -0.9704851763062085 
0.126522418825513 -0.9919637480949298 
0.27439102518985226 -0.9616182014163739 
0.14320067404175796 -0.989693673291886 
0.219646416697813 -0.9755795465423672 
0.046013766492538175 -0.9989408057003029 
0.09964769775712408 -0.995022781815424 
0.1608848626650008 -0.9869731814822852 
0.19044069124886337 -0.9816987028190753 
-0.02506264500899266 -0.9996858825776991 
-0.1024898651183418 -0.9947340486522134 
0.19501605195847765 -0.9808000507129515 
0.19881000840653343 -0.9800380505660963 
-0.07972159172046044 -0.9968171686992335 
-0.008289807876582574 -0.9999656389523439 
0.12342576050553558 -0.9923538087011256 
0.1338485672358316 -0.9910017966930812 
-0.008588329245313457 -0.9999631196203058 
0.09000015629955092 -0.9959417512415355 
0.09924581935747324 -0.995062946421011 
0.10475888345935101 -0.994497650241744 
-0.017749279701283396 -0.9998424691270548 
0.15343847854448825 -0.9881582025677633 
0.06943529341497655 -0.9975864574202962 
0.19206030814580394 -0.9813831250000884 
0.06732836636881002 -0.9977308710679986 
-7.402895855036568E-4 -0.9999997259856271 
0.1397382798194238 -0.9901884735509238 
0.08245373796629382 -0.9965948931714359 
0.1552134928737626 -0.9878809501300885 
-0.008963194400292111 -0.9999598297662474 
0.10521934975010606 -0.9944490376274516 
0.21217384245948015 -0.9772319379635418 
0.248835684871042 -0.9685457149431612 
0.18903849411820167 -0.9819696776079813 
0.16491959193315056 -0.9863070151816842 
0.08243347028398489 -0.9965965698199746 
0.15218197048286536 -0.9883524917052379 
-0.018909746228844736 -0.999821194763124 
0.016050536495812305 -0.9998711818420394 
0.2138999412839948 -0.9768555753634738 
0.10768894727123547 -0.9941846360890984 
0.05410515652551696 -0.9985352432625247 
0.10171594005059377 -0.9948134837946377 
0.09228946910629446 -0.9957322199728591 
-0.05550349294111731 -0.9984584930137734 
0.14600303489699437 -0.9892841420951147 
0.030450091302144416 -0.9995362884556473 
0.07795330961348014 -0.996957010868726 
0.11143624485820688 -0.993771585089804 
0.11126249529276873 -0.9937910530595587 
0.015139065807606216 -0.9998853977764017 
0.05984513435773253 -0.9982076737301235 
0.23189214108321546 -0.9727415046680398 
0.05986658636606098 -0.9982063873953497 
0.036879276691175494 -0.9993197280904323 
0.3237414678866236 -0.9461455818057887 
0.040898447526098225 -0.9991633084686181 
0.18024204892752532 -0.9836222871602736 
0.14250797133367407 -0.9897936543069776 
0.17575488975931092 -0.9844339585394708 
0.14429210159155856 -0.9895351380412377 
0.04701556882524343 -0.9988941566993166 
0.19501775462734736 -0.9807997121635527 
0.059589488704797966 -0.9982229674956896 
0.026519073882957375 -0.9996483075163937 
0.029307801711114287 -0.9995704341160067 
0.12915874581379827 -0.9916239299148678 
0.03694630565917802 -0.9993172521767743 
0.13109804822181007 -0.9913694073111354 
0.20048579270104266 -0.9796966096323058 
-0.013320328385884862 -0.9999112804902703 
0.014295997419148393 -0.999897807007192 
0.12339778400731514 -0.9923572879271276 
-0.029880225067573662 -0.9995534863877527 
0.26370825579285123 -0.9646024859115242 
0.09936788174761843 -0.995050764572839 
0.23243344896547627 -0.972612302925484 
0.19362062746765032 -0.9810764764375065 
0.22154338353518302 -0.9751505161829033 
0.3539515695251598 -0.9352637523344288 
0.1727067679419475 -0.984973285072771 
0.1749294378273646 -0.9845809726890938 
-0.001276058301721841 -0.999999185837274 
0.16735708598084525 -0.9858963463630444 
0.15905784532604347 -0.9872692651147591 
0.18350217608719147 -0.9830193036615635 
0.15479914900756478 -0.987945961814984 
0.25244599933512907 -0.9676109845488982 
0.25713287974122306 -0.9663760562824317 
0.09295375110382431 -0.9956704274787558 
-0.06836089144392028 -0.9976606579999998 
0.04935288495799293 -0.9987814038849157 
0.1872483648481414 -0.982312602923172 
0.2687918252360514 -0.9631982945823108 
0.07506942982219869 -0.9971783093841191 
0.2506061938181153 -0.9680891155363731 
0.09737142267112243 -0.995248112807556 
0.07488879008006044 -0.9971918918244095 
0.03810640542391081 -0.9992736871676691 
0.12621985170594482 -0.9920022928578992 
0.12181587490787867 -0.9925527152854039 
0.012840607429512159 -0.9999175560019141 
0.004653714313085356 -0.999989171412917 
0.032038929205470884 -0.9994866217290589 
0.06051801143936447 -0.9981671053943949 
0.13193246701566003 -0.9912587069716774 
0.14361952246316542 -0.9896329788196492 
0.1396550454329014 -0.9902002162619105 
0.262710274819799 -0.9648747646736886 
0.15343571801048103 -0.9881586312119163 
0.08345059999761015 -0.9965119153126263 
0.21646830754600305 -0.9762896454578267 
0.006964693493972079 -0.9999757462281448 
0.08624361303657868 -0.9962740783591616 
0.127289383347521 -0.9918656223939853 
0.09372007229625991 -0.9955985878097577 
0.03591470930130558 -0.9993548587242685 
0.036296193406183425 -0.9993410760817455 
0.1259691521586295 -0.992034159041127 
0.09992507395322957 -0.9949949646080837 
-0.012965295267025799 -0.9999159470268683 
0.16977670808227788 -0.9854825566151565 
-0.05498089068024918 -0.9984874068610011 
0.10976752910431484 -0.9939572875905348 
0.1318419757740783 -0.991270746781114 
0.11346151257204802 -0.9935423922333979 
0.045763657219151946 -0.9989522949960764 
-0.05003423671932675 -0.998747503203845 
0.26679432775984546 -0.9637534885411166 
0.07140280427553619 -0.997447562301693 
0.15797510397243741 -0.9874430953350667 
0.027037362676582907 -0.9996344236867272 
0.2300793284623321 -0.9731718772212451 
0.20130081429085836 -0.9795294697791574 
0.09084101402843588 -0.9958654076582265 
0.008013891311063153 -0.9999678882574452 
0.17437143045633505 -0.9846799501567053 
-0.008749111854996675 -0.9999617257884168 
0.12517800377235158 -0.9921342990601469 
0.08424045977173342 -0.9964454550739077 
0.12965641961018795 -0.9915589810262762 
0.031209057566674057 -0.9995128787193289 
0.10748049813999204 -0.9942071929530478 
0.21789356659119086 -0.9759725373381007 
0.14665569812322396 -0.9891875990973551 
0.1499984449788736 -0.9886862325854041 
0.053676775576723845 -0.9985583627228235 
0.0708969027825552 -0.9974836485756751 
0.06133450364976709 -0.9981172669892234 
0.08951606455187043 -0.9959853785006813 
0.12490905257874409 -0.9921681957127433 
0.2540638716600722 -0.9671874425968806 
0.07505056031238495 -0.9971797297362182 
0.25259361506944306 -0.9675724601424691 
-0.01750242371771357 -0.9998468208500768 
0.0781409407203241 -0.9969423219942781 
-0.04553830905716667 -0.9989625930975664 
0.07114923144883359 -0.9974656820483802 
0.3239753606970124 -0.9460655186937323 
0.0107523471371912 -0.9999421918446294 
0.1774487937799929 -0.9841300348968247 
0.16805182537402125 -0.9857781616512203 
0.2506693038028144 -0.9680727762575561 
0.11905364716301803 -0.9928878230178794 
0.1734008807344722 -0.9848513261200948 
0.15345249198470473 -0.9881560264976802 
0.005925959760851735 -0.9999824413463033 
-0.026835460849603764 -0.9996398641715872 
-0.04507609212008255 -0.9989835563807754 
-0.011093618749236705 -0.9999384639181786 
0.1802946969777833 -0.9836126383092529 
0.11281673919885145 -0.9936158127548789 
0.055028528761101834 -0.9984847825692631 
0.13934468068951092 -0.9902439396247463 
0.15443132988996847 -0.9880035244615355 
0.04742589911423525 -0.9988747589629073 
0.15533123261380705 -0.9878624439539523 
0.27164115174232556 -0.962398610078019 
0.13424615163431758 -0.9909480161801504 
0.18525408853221678 -0.9826906546223474 
-0.014264932574023618 -0.9998982506728665 
0.12207406457294348 -0.9925209936110374 
0.16293574813071732 -0.9866366818546144 
0.06638082400229285 -0.9977943606799833 
0.03232325591197398 -0.999477467043279 
0.12679380823135333 -0.9919290953461294 
0.3294422510481145 -0.9441757268773389 
0.12865626921027207 -0.9916892478961815 
0.1933825535758139 -0.9811234315683718 
0.11634168086333682 -0.9932092495007755 
0.14577600617437964 -0.9893176214057077 
0.125789673311362 -0.992056932886526 
0.10160162064188702 -0.9948251658874246 
0.2307711475279078 -0.9730080562198098 
0.22501925427975772 -0.9743543170753551 
-0.012478616129825794 -0.9999221390385775 
0.14433673335880665 -0.9895286288952477 
0.11260107212858593 -0.9936402762345602 
-0.007409607339238848 -0.9999725484827462 
0.07902719673205358 -0.9968724603361622 
0.04905994296703778 -0.9987958359925571 
0.17972555338687438 -0.9837167912868936 
0.19035090053777778 -0.9817161171461213 
0.20542487680305568 -0.9786728871233991 
0.10060449332448303 -0.9949264977489162 
0.05286755584519472 -0.9986015329143828 
0.08538394211153816 -0.9963481231123456 
0.07824707454572107 -0.996933997476782 
0.0823794335478247 -0.9966010379928066 
0.2441903820766396 -0.9697273107947743 
0.024812367870258055 -0.9996921258070762 
0.16827716422848776 -0.9857397202097614 
0.17841008480919504 -0.9839562193707482 
0.18507728778849142 -0.9827239681339089 
0.09121656882601543 -0.99583107883396 
0.12212424666991492 -0.9925148202295551 
0.12596208770290776 -0.9920350560648171 
0.005118690157642695 -0.9999868994197225 
0.13650133731804115 -0.9906398865937037 
0.03294720661338307 -0.999457093414407 
0.15598588201112476 -0.9877592847517109 
0.09088500382412867 -0.9958613940101746 
0.21651496749072904 -0.9762792985885179 
0.14631792328268836 -0.9892376182324656 
0.13682007884492264 -0.9905959146013419 
0.1973800852298052 -0.9803270382656366 
0.21471180022811726 -0.9766774507701103 
-0.017195949519951927 -0.9998521387285758 
0.025207788280171946 -0.9996822332171469 
-0.024171794007188246 -0.9997078195025155 
0.026053193997553403 -0.9996605579308037 
0.06185965121970786 -0.998084857890839 
0.13141879066837983 -0.9913269397425153 
0.08532871966529325 -0.9963528539630335 
0.22596593960399414 -0.9741352032130264 
-0.0036207105506118904 -0.9999934452060717 
0.15891275870839247 -0.9872926289199613 
0.2636872313859277 -0.964608233431596 
0.13944138403325906 -0.9902303269537291 
0.09120107156416953 -0.9958324982373026 
0.043713059621104444 -0.9990441273630317 
0.12632967585559593 -0.9919883129342906 
0.1788121224084896 -0.983883237421886 
0.04203797186649201 -0.9991160137448263 
0.1287966087609601 -0.9916710309228944 
0.29859389948893295 -0.95438026131516 
0.13384479167894542 -0.9910023066271944 
0.030014067390007233 -0.999549476393594 
0.1584322497484771 -0.9873698507852243 
-0.032644075948605314 -0.9994670401296192 
0.18316309278252413 -0.9830825405032582 
0.15158301058146206 -0.9884445310198547 
0.09780792233401542 -0.9952053106413287 
0.19176031669228027 -0.9814417868330634 
0.07260934568936343 -0.9973604578679478 
0.09312357080424244 -0.9956545588509437 
0.06156660733562467 -0.9981029770826159 
0.07165260439024718 -0.9974296487893745 
0.015109615797018864 -0.9998858432393501 
8.854714666428129E-4 -0.999999607970064 
0.04836952331974353 -0.9988295095830022 
0.09820646716876072 -0.9951660614220278 
0.18348235764738652 -0.9830230030025525 
0.14525942918981596 -0.9893936012687008 
0.13494376421336915 -0.9908532588127905 
0.18592562154071185 -0.9825638214664226 
0.1622968028308014 -0.9867419864335865 
0.18386109882121882 -0.9829522350248022 
0.0962965521126039 -0.9953526882724658 
0.15390578992008946 -0.9880855265760518 
0.011999624453359017 -0.999928001914627 
0.17300650650697597 -0.9849206814288406 
0.124176650726366 -0.9922601268893063 
0.2574394603448325 -0.966294429383385 
0.1972571461428166 -0.9803517829307965 
0.08181353414185481 -0.9966476537027615 
0.040507817138562545 -0.9991792215366914 
0.07150768038144403 -0.997440049149053 
0.09297171567591773 -0.9956687501796351 
0.19460869336874778 -0.9808809593754527 
0.1415900081713191 -0.9899253858680693 
0.1141218529968556 -0.993466759720004 
0.13677589634304466 -0.9906020160385081 
0.05766120761181062 -0.9983362084672417 
0.21760839700279283 -0.9760361599622603 
0.13039515538831534 -0.9914621038906415 
0.046928796972566224 -0.998898237066573 
0.23707620681163452 -0.9714910561419529 
0.36227135502503977 -0.9320726716991125 
0.04490920465009152 -0.9989910727017016 
0.12684690000499707 -0.9919223074208597 
0.11567219482447788 -0.9932874424578657 
0.18504895483240694 -0.9827293036820637 
0.19221894534294368 -0.981352065800672 
0.11983509303173315 -0.9927938106566115 
0.060480633448875436 -0.9981693708873374 
0.2007592395280453 -0.9796406115224711 
0.06464538614322503 -0.9979082994195375 
0.26331261405770306 -0.9647105614007234 
-0.12571166270711356 -0.992066821267304 
0.10739225105864804 -0.9942167290950984 
0.01871189799408637 -0.9998249171097201 
0.23018837526445793 -0.9731460896972813 
0.10760140859946575 -0.9941941142792039 
0.1397076456149042 -0.9901927962557293 
0.20839782051760058 -0.9780441444042871 
0.09154318796617528 -0.9958011070173548 
0.14755368271737976 -0.9890540484303874 
0.1343535927503055 -0.9909334549378606 
0.24474047871349963 -0.969588623117602 
0.13238045442069882 -0.9911989786553299 
0.2373584208004527 -0.9714221430846196 
0.19171013475356147 -0.981451590366418 
0.010718728826594547 -0.9999425527760792 
0.2513540593843191 -0.9678952096332661 
0.07326607072296838 -0.9973124299239516 
0.14324759263424444 -0.989686883415403 
0.1976685784540246 -0.9802689085613014 
0.0791518614886654 -0.9968625696769234 
0.11886309788080535 -0.9929106525575089 
0.049838639279321605 -0.9987572828444286 
0.1531586549483948 -0.9882016122302162 
0.18651668685122916 -0.9824517929781799 
-0.08392434963115249 -0.996472128832005 
0.06406075029613337 -0.9979460006791432 
0.12826436900387495 -0.9917400121221479 
0.03426737937947017 -0.9994127008951124 
0.14921400171471128 -0.9888049260052674 
0.05756707543908972 -0.9983416408351352 
-0.0512437463233174 -0.9986861761648408 
0.14686105869820867 -0.9891571308129166 
0.11333367511821649 -0.9935569828068236 
0.15960452446805623 -0.9871810349522145 
0.06814353192334827 -0.9976755279433346 
0.17087350150131037 -0.9852929749494217 
0.2708928072836108 -0.9626095194636319 
0.16799617281779836 -0.9857876474771695 
0.2689001562190315 -0.9631680569793521 
0.07188428764398978 -0.9974129782542015 
0.12556996115126165 -0.9920847669712859 
0.09360586113574679 -0.9956093323995288 
0.10422181578360132 -0.9945540775215639 
0.18779820040077908 -0.9822076338158998 
0.1293566896916199 -0.9915981276868295 
0.10634373449187864 -0.9943294273701855 
0.06487716765193077 -0.9978932573764908 
0.26910141047024577 -0.963111847545717 
0.15189420953938498 -0.9883967569293242 
0.15195450993524107 -0.988387488240488 
0.1825379232940879 -0.9831988133432027 
0.14260841923254144 -0.9897791868714939 
0.10153008080688801 -0.99483246966077 
0.2610286014033339 -0.9653310671730293 
0.12613804345353427 -0.9920126985042652 
0.033276705322028845 -0.9994461770815429 
0.10279606630314989 -0.9947024523708577 
0.08743326224616445 -0.9961703793292558 
0.1050088142750312 -0.9944712911515103 
0.12704020091885224 -0.9918975689810403 
0.12309127786859445 -0.9923953533308569 
0.16097335547864794 -0.9869587523427436 
-0.021301353341923936 -0.9997731004311942 
-0.03832967597669885 -0.9992651479660049 
0.04081185873491095 -0.9991668490230255 
0.07786263801916504 -0.996964096445151 
0.07533240718146517 -0.9971584770878931 
-0.06979871908428298 -0.9975610952789775 
-0.011610115748176837 -0.9999326003347996 
0.19391746178499097 -0.9810178479593867 
0.0790063286279591 -0.9968741144380924 
-0.10356989213024356 -0.9946221782386162 
0.2443305078821104 -0.9696920144654538 
0.1323776903037086 -0.9911993478154913 
0.04518295745596614 -0.9989787286802119 
0.03953582133814925 -0.9992181537737983 
0.14488845187473628 -0.9894479958609963 
-0.029278375666528737 -0.9995712964658048 
0.16510021795779828 -0.9862767958490597 
0.014189820679156447 -0.9998993194262578 
-0.05499769553875783 -0.9984864813733966 
0.18115370174241502 -0.9834547962896008 
0.15307356518698173 -0.9882147963074359 
0.02042212796939758 -0.9997914465973399 
0.15323286350657306 -0.9881901079962175 
-0.0557176540150021 -0.998446564935282 
0.014706954987088678 -0.999891846888956 
-0.024764246429584417 -0.9996933190227765 
0.2378396402819098 -0.9713044350308361 
0.14507585927362232 -0.9894205349880404 
0.22297601648008675 -0.9748239308073392 
0.21048774077532853 -0.9775964970187332 
0.292977060828418 -0.9561194704786329 
0.03812467129536772 -0.9992729904478657 
0.21825684545210539 -0.9758913614810287 
0.13965644763100524 -0.9902000184988325 
0.08841475166038454 -0.9960837473269165 
0.13898621909274647 -0.990294315293339 
0.22362055338988027 -0.9746762786184979 
-0.12641075610424093 -0.9919779840002267 
0.03483357629163115 -0.9993931268338477 
0.2181863197085461 -0.975907131796894 
0.13277006550819476 -0.9911468658604283 
0.14190046254865227 -0.9898809315915114 
0.06059067304481408 -0.9981626973294365 
0.12741557908214005 -0.9918494191192345 
0.133151296667429 -0.9910957230236553 
-0.11605203767896873 -0.9932431346606727 
0.192156122116756 -0.9813643689950489 
0.2288561570854308 -0.9734602505311085 
0.14867767548352082 -0.9888857106930087 
0.20962749392507823 -0.9777813220708867 
0.04693874347129219 -0.9988977697248783 
0.10901366948118907 -0.9940402506268274 
-0.02508356797965783 -0.9996853578088507 
0.15358566434572274 -0.9881353367365641 
-0.09139268657521477 -0.9958149310190948 
0.17593134569782778 -0.9844024388434597 
0.2699959422422074 -0.9628614600100799 
0.052517438140351466 -0.9986200071554616 
0.0692773698072767 -0.9975974368614756 
0.13475792570322162 -0.9908785503078392 
0.04688284231286353 -0.9989003949827366 
0.17113013268624147 -0.98524843450106 
-0.059855633695330805 -0.9982070442122368 
-0.0709344596754334 -0.9974809784805695 
0.09290404093646139 -0.995675067066398 
0.26646703388239074 -0.9638440329503113 
0.1399949998456798 -0.9901522105303852 
0.3449585176090588 -0.9386179313911283 
0.24138333000256573 -0.9704298470249523 
0.09253593814526596 -0.9957093452165524 
0.055605885749986914 -0.998452795814584 
-0.014811637001841838 -0.999890301687803 
-0.030362381617925385 -0.9995389566107403 
0.1517805000950564 -0.9884142248019777 
0.14245292418260386 -0.9898015782932583 
0.05164799699170094 -0.9986653515601436 
0.14350531277121317 -0.9896495466610572 
0.07379058417629902 -0.9972737586475041 
0.1354156609579089 -0.9907888769901148 
0.061790112407541606 -0.9980891653598207 
0.12350713033478747 -0.992343684796989 
0.21176107825632243 -0.9773214648905035 
0.0028187556455578485 -0.9999960273004141 
0.23975003902874586 -0.9708346505897463 
0.2636926093065866 -0.9646067632963621 
0.18284357378913774 -0.9831420179831681 
0.0546586745026931 -0.9985050972837388 
0.15150810599456171 -0.9884560151154631 
0.2042698128720809 -0.9789146252606531 
0.20224860297061517 -0.9793342139415097 
0.12549784314596027 -0.9920938924142774 
0.08383213179218164 -0.9964798912568071 
0.13188041631830896 -0.9912656333151622 
0.1907331369950631 -0.9816419257815053 
0.15838061294123015 -0.9873781349839383 
0.2642860453732015 -0.9644443406547596 
0.17185807911618986 -0.9851217186939356 
0.22670864400434643 -0.9739626228627619 
0.13578481833422565 -0.9907383524977427 
0.0848528602813321 -0.996393492603237 
0.03603303490383675 -0.999350599337199 
0.05123013800658704 -0.998686874330401 
0.23081712779599195 -0.9729971497985022 
0.1499048877683349 -0.9887004220810078 
0.10044058425391798 -0.9949430581871164 
0.05047352166194973 -0.998725399502306 
0.027361796606902838 -0.9996255959540264 
0.028791388052590225 -0.9995854420578589 
0.08105377822559764 -0.9967097295779528 
0.0952242949461697 -0.9954558421406773 
0.08148696819597828 -0.996674407223456 
0.1905006561130086 -0.9816870682760944 
0.19040457273282674 -0.9817057087958844 
0.12456852998111027 -0.9922110064589816 
0.20769472746714365 -0.9781936925692932 
0.11555271140748527 -0.9933013494838202 
0.05490955773315747 -0.9984913321955022 
0.16753337827573883 -0.9858664043183123 
0.2632793851053342 -0.9647196304515406 
0.0980939792860931 -0.9951771557003403 
0.09272494365919479 -0.9956917619541698 
0.08744095349646142 -0.9961697042430218 
0.24044501524511044 -0.970662760511486 
0.14839378921128024 -0.9889283509554766 
0.11506793272152216 -0.9933576248558197 
0.15465655640098672 -0.9879682938041021 
0.008019957315886209 -0.9999678396251808 
0.0818181257575714 -0.9966472767722383 
0.10616225341894493 -0.9943488200571324 
0.10385618043712659 -0.9945923254203257 
0.13430689256302125 -0.9909397855622032 
0.1142158246932047 -0.9934559604681283 
0.037005818605615526 -0.9993150501164927 
0.14701463108855023 -0.9891343175958953 
0.15252347242841455 -0.9882998484055224 
0.07684127580914879 -0.9970433382416345 
0.05248995654299729 -0.9986214520338096 
0.23348699055540334 -0.9723599257689413 
0.12933687157435145 -0.9916007128130554 
0.24134533924417972 -0.9704392960021311 
0.11043291041586994 -0.9938835808569737 
0.022490869309869585 -0.9997470484065889 
0.13084176712497983 -0.991403264053338 
0.16836986669909257 -0.9857238903403579 
0.150134060714253 -0.9886656481406892 
0.05574208083156298 -0.9984452015131163 
0.16426409910169806 -0.9864163957205434 
0.26660310026089 -0.9638064053176248 
0.21455724239994062 -0.9767114157896042 
0.20992423792326176 -0.9777176557331557 
0.19076287604934533 -0.9816361470124163 
0.05707574740357678 -0.9983698508360132 
0.11610879732408994 -0.9932365011335184 
0.12769093286909372 -0.9918140075956886 
0.13114328759840047 -0.9913634238350149 
0.13063785911018447 -0.9914301537511897 
0.06584692342410069 -0.9978297363155603 
0.1574882308467102 -0.9875208641566888 
0.17823652780562155 -0.9839876727661764 
0.06789227446161188 -0.9976926576197848 
0.24457595105153668 -0.9696301378191772 
0.12980839545377393 -0.9915390967933219 
0.09113944497218628 -0.9958381402467782 
0.0750321273528294 -0.9971811168814364 
0.20763099040970415 -0.9782072233537662 
0.23079333201090751 -0.9730027943943959 
0.08723370979233239 -0.9961878737847933 
0.2045065103973702 -0.9788652037972798 
0.26595761573708726 -0.9639847232355104 
-0.021099112263223703 -0.9997773889530128 
0.14796107494665037 -0.9889931851638978 
0.09372823903964735 -0.9955978190045047 
0.16581251218534215 -0.9861572951627879 
0.17262056331012726 -0.9849883964405339 
-0.014068666854379172 -0.9999010314090794 
0.11807427527391566 -0.9930047661106867 
0.2713018287051071 -0.9624943208877986 
0.2780571815629998 -0.9605645234867052 
0.0665135195725802 -0.9977855239048459 
0.13988631307726257 -0.9901675713805467 
0.13196752471699696 -0.9912540403045371 
0.24059655746305772 -0.9706252090982006 
0.10860181897666125 -0.9940853308016171 
0.28275097790918313 -0.9591933509420301 
0.15828546033311344 -0.987393393256778 
0.044595430146459294 -0.9990051289207941 
0.11248446318130835 -0.99365348363643 
0.09370553293365945 -0.9955999563567783 
0.08561309947751795 -0.996328458490398 
0.21700884285786173 -0.9761696379838352 
0.18734811667955883 -0.9822935829865846 
0.09444822742543661 -0.9955297747110294 
0.07874578133486365 -0.9968947296088798 
-0.0042861944511738284 -0.9999908142263741 
0.20675486867804932 -0.9783927760761127 
0.03466886078515698 -0.9993988543578882 
0.09867720440810356 -0.9951194950005761 
0.11303952497337225 -0.9935904920004993 
0.2532766310355198 -0.9673938950454964 
0.06335305984768348 -0.9979911772194862 
0.05359982487123568 -0.9985624961782676 
0.08436977564097206 -0.9964345141344172 
0.2410054330449271 -0.9705237664492442 
0.09976959374072279 -0.9950105668608807 
0.04764053968682832 -0.9988645448599864 
0.18560562981581522 -0.982624317926579 
0.05532670793795609 -0.99846830464905 
0.1401586618968289 -0.9901290569896888 
0.2500943492601899 -0.968221470774183 
0.09196858433946513 -0.9957619090398038 
0.27135047100538423 -0.9624806085761708 
0.14752372673213912 -0.9890585170004155 
0.21757506086237907 -0.9760435916959509 
0.049500415730333244 -0.9987741030095464 
0.14344613964983732 -0.9896581253238713 
-0.08985004773900537 -0.9959553046805356 
0.13709724924721067 -0.9905575925956289 
0.1719392108776163 -0.9851075615194427 
0.05663787155920579 -0.998394787398874 
0.16465063512567737 -0.9863519495356163 
0.15679863319177428 -0.9876305932023326 
0.06819898260119117 -0.9976717389864075 
0.011248702856055117 -0.9999367313405665 
0.22249121547918568 -0.9749346947537536 
0.12749927013937107 -0.9918386643572268 
0.3989443084408558 -0.9169751571131288 
0.2627270208174464 -0.9648702050184724 
0.1640648281091447 -0.9864495588612309 
0.2952845900977522 -0.9554093420365967 
0.2418751379109524 -0.9703073830805151 
-0.019512269296688818 -0.9998096175507082 
0.17042824355219752 -0.9853700897630864 
0.1233009224472344 -0.9923693276818167 
0.1653439680968823 -0.9862359617322708 
0.10983499681084469 -0.9939498344864099 
0.0018029545820152134 -0.9999983746760667 
0.023165839833195423 -0.9997316359227724 
0.1006236684939796 -0.9949245586167896 
0.06344945381008027 -0.9979850534007022 
0.1885807574609216 -0.9820576856353527 
0.11726427589514703 -0.9931007449391964 
0.07460731611508378 -0.9972129904800198 
0.1106716827124202 -0.9938570212287083 
0.12034801555696355 -0.9927317639480974 
0.03555077976205344 -0.9993678712357676 
0.11029660770216902 -0.9938987163335073 
0.1411422232926014 -0.9899893296414974 
0.28753712519109814 -0.9577694929558149 
0.02988608315525481 -0.9995533112513995 
0.15707850332045806 -0.9875861196850656 
-0.031382145351552884 -0.9995074591783365 
0.1560670996199765 -0.9877464555320907 
0.07280971695538306 -0.9973458503031318 
0.13869314237273642 -0.9903354039207001 
0.10659472671387747 -0.9943025516596011 
0.1356856553774942 -0.990751938138291 
0.27563287439035095 -0.9612629809554266 
0.11779421286443387 -0.9930380271750163 
0.19793858996659827 -0.980214422767812 
-0.12662317816339752 -0.9919508913004719 
0.07760735971221844 -0.9969840007334613 
0.16484738284715625 -0.9863190864869457 
0.22129795666485785 -0.9752062419693378 
0.14314104051685145 -0.9897022999466825 
0.08944918807256545 -0.9959913868870347 
0.23235153559397764 -0.9726318748155031 
0.1291090209893433 -0.9916304052917969 
0.18797415228100875 -0.982173975461698 
0.02452780949682703 -0.9996991480246883 
0.1484784643643707 -0.9889156413061724 
0.09202359438489008 -0.9957568267787499 
0.08528039347414958 -0.9963569914889413 
0.18893128447224006 -0.981990310414349 
0.1178892452065225 -0.9930267498233047 
0.07209645404009964 -0.9973976645826097 
0.057211723583080756 -0.9983620679315962 
0.028336230243770556 -0.9995984484059446 
0.08872366831357008 -0.9960562788723254 
0.27720809829582965 -0.9608099032791085 
0.20779323956288898 -0.9781727708293457 
0.2175151532730744 -0.9760569440850215 
0.053474947088332864 -0.9985691914103398 
0.1025523800492026 -0.9947276056017766 
0.1602013944981017 -0.9870843495876447 
-0.034947592893810484 -0.9993891463043455 
0.20085630246285885 -0.9796207152571593 
0.023550590265818863 -0.9997226463865525 
0.037107627004789014 -0.9993112748378622 
0.133693798820125 -0.9910226880132684 
0.21343899806887145 -0.9769563931431925 
0.14245154519348682 -0.9898017767573405 
0.026789650257970737 -0.9996410929123791 
0.10182161724789493 -0.9948026730266778 
0.2818484398274415 -0.9594589396982223 
0.08134520898505408 -0.9966859871469941 
0.18149071390585703 -0.9833926584869048 
0.13845235920924465 -0.990369094948643 
0.09322026045192042 -0.9956455107322466 
0.004876642900797227 -0.9999881091063123 
0.23907414061426877 -0.9710013158021717 
0.07299158388371921 -0.9973325567142317 
0.13848137057997087 -0.9903650387621187 
0.3227966177825044 -0.9464683531678043 
0.14438532386500963 -0.9895215400648922 
0.07511164029437956 -0.9971751308031542 
0.1902555629169099 -0.9817345979332549 
0.10991400278064817 -0.9939411008670159 
0.17499716994302986 -0.9845689363939583 
0.19908933734796552 -0.9799813445950633 
0.12811143000841144 -0.9917597801389205 
-0.09085517518165377 -0.9958641158023072 
0.06704791179853854 -0.9977497569648692 
0.21860296002395851 -0.9758138889505332 
0.18998590403962956 -0.9817868181363225 
0.11789390039005943 -0.9930261971624005 
0.049633371529701105 -0.9987675046929564 
3.734481851318289E-4 -0.9999999302682241 
0.23902501936802495 -0.971013408824057 
0.16007120103132386 -0.9871054708593148 
0.2078590935636348 -0.9781587791472834 
0.13369137480895796 -0.9910230150211905 
0.1560351951948008 -0.987751496005205 
0.060064770002525594 -0.9981944817542039 
0.24065125622690273 -0.9706116488464445 
0.05913979693168309 -0.9982497104526898 
0.00549297728495954 -0.999984913486472 
0.0628839959490611 -0.9980208429955151 
0.05406445444602478 -0.9985374478533361 
0.24588817541593902 -0.969298202407608 
0.1631049703819002 -0.9866087211436556 
0.20666973729808058 -0.9784107622492417 
0.107516290432041 -0.9942033229132424 
0.31918384421660245 -0.9476928160491201 
0.12154138865480688 -0.9925863644257166 
0.08887776253843659 -0.9960425409219031 
0.13522408352173035 -0.9908150418901138 
0.13733654782488058 -0.9905244432276996 
0.09633847991945534 -0.9953486310267416 
0.123406429317427 -0.9923562128606456 
0.057791823242083325 -0.9983286558876069 
0.10241141133212152 -0.994742128809755 
-0.03503291023508869 -0.9993861591999662 
0.1310340427701679 -0.9913778692483032 
0.08769887365993159 -0.996147031094697 
0.055022482111804445 -0.9984851157940493 
0.11792059343390672 -0.9930230277512174 
0.13165737951062986 -0.9912952811450249 
0.19302274507407552 -0.9811942824354759 
-0.05248939181143879 -0.9986214817173049 
0.1382426342004425 -0.9903983916027542 
0.06031254245536043 -0.9981795415768498 
0.004938682955558665 -0.9999878046309687 
0.019736211894930192 -0.9998052220007847 
-0.04628806820343191 -0.9989281329214802 
0.10000510726238585 -0.9949869237941966 
0.05816358498661521 -0.9983070656774421 
0.08284535890207881 -0.9965624147580451 
0.13498531531309066 -0.9908475991038307 
0.07973283299887898 -0.9968162696013608 
0.08543402061526784 -0.9963438302722158 
0.3538382115903711 -0.9353066449130616 
0.28812075334367726 -0.9575940849298684 
0.18404223891855467 -0.9829183355161534 
-0.01119840680148896 -0.9999372958766506 
0.05202545830815043 -0.9986457588593799 
0.11202755520030853 -0.9937051005584312 
0.0284330167879743 -0.9995957000489422 
0.07060971810833612 -0.9975040188934886 
0.005241311661292805 -0.9999862642316989 
0.22405304564638728 -0.9745769506491408 
0.15381637406573562 -0.9880994499893571 
0.22548705096325128 -0.9742461649131067 
0.1338561102737157 -0.9910007778717385 
0.09138421692194586 -0.9958157083002672 
0.01978856009026003 -0.9998041872734652 
0.1894047697410306 -0.9818990952227968 
0.03890680637504711 -0.9992428435659144 
0.03948823466059935 -0.9992200354893758 
0.12972892109025705 -0.9915494980245604 
0.275477215649098 -0.9613076009572693 
0.2026308160046111 -0.9792552028992777 
0.18351444910325748 -0.9830170125538662 
0.08815318588210165 -0.996106929912063 
0.15395133665209487 -0.9880784310686239 
0.22924847851545455 -0.9733679340816346 
0.2942936356343009 -0.9557150495964503 
0.08596541635120522 -0.996298121644101 
0.18185045657276916 -0.9833261978836297 
0.2455245716327477 -0.9693903675633236 
0.10158033744040128 -0.994827339313458 
0.2222609007086103 -0.9749872265913011 
0.1318463181205791 -0.9912701692263554 
0.05250639867483149 -0.9986205876598978 
0.004008616377417431 -0.9999919654650925 
0.20111190228683865 -0.9795682736586405 
0.3193295919615214 -0.9476437155902467 
0.10980506932790741 -0.9939531411238124 
0.07805970666987923 -0.9969486858382492 
0.011451185045825745 -0.9999344330310094 
-0.07514443387015403 -0.9971726601037224 
0.245868343746309 -0.9693032330202178 
0.17622469767751242 -0.9843499661850299 
0.0570977669773598 -0.9983685917566713 
0.08618567292296353 -0.9962790923144056 
0.08627825677123818 -0.9962710787775163 
0.09081784350128562 -0.9958675209593774 
0.22064625299313861 -0.9753539004074818 
-0.029836798323641896 -0.9995547836240865 
0.12232689519568724 -0.9924898642866755 
0.2172194307809871 -0.9761227990837955 
0.2553816626658015 -0.9668403210324087 
0.1148897855656721 -0.9933782447651418 
0.11465431541947259 -0.99340544993255 
0.27507453731981635 -0.9614229032628091 
0.10689586284656227 -0.9942702220756131 
-0.05811991093662356 -0.9983096092659426 
0.12989304694571907 -0.9915280108777346 
0.1053760576116064 -0.9944324444034575 
0.05053776709123406 -0.9987221505991705 
0.12544143848889228 -0.9921010258586761 
0.1266761775542895 -0.9919441244547165 
0.015168696260451354 -0.9998849487084792 
0.06758745788723483 -0.9977133533918152 
0.00237954492173382 -0.9999971688789752 
0.23355025571036786 -0.9723447321077139 
0.13832533634174443 -0.990386844281538 
0.1332321159233459 -0.99108486179872 
0.12070570057435437 -0.9926883367144264 
0.08358395099339513 -0.996500739154936 
0.06392061792314525 -0.9979549862615664 
0.05721814336846396 -0.9983617000213227 
0.16729927176892934 -0.9859061586508048 
0.07227768473412405 -0.9973845478497622 
0.1512954113913106 -0.988488593000412 
0.10198050640978713 -0.9947863973298003 
0.08524474842631433 -0.9963600417849636 
0.11101070030458156 -0.9938192111334365 
0.11371860479386889 -0.9935129988700379 
0.28707014774804673 -0.9579095626790216 
0.053761554409053856 -0.9985538018892736 
0.18784424676286526 -0.9821988286279371 
0.18493934907064644 -0.9827499362326745 
0.13189506164541112 -0.9912636847547442 
0.2653013181300011 -0.964165551447719 
0.1660046446931216 -0.9861249707518365 
0.1952572464849485 -0.9807520622946024 
0.19317844261904119 -0.9811636404327678 
0.05304920960892399 -0.9985918993061522 
-0.06075327669844212 -0.9981528136364705 
-0.013374370368904374 -0.9999105591087812 
0.14600638018915177 -0.9892836483759655 
0.15943924942066315 -0.9872077419389373 
0.18459517044756293 -0.9828146432809368 
-0.028951056942368814 -0.999580830299341 
0.24973370563359554 -0.9683145544039462 
0.21229987192810496 -0.9772045662906564 
0.18366005552002476 -0.9829898188721903 
0.16634697077970656 -0.986067282345589 
0.10242664341529482 -0.9947405605074502 
0.17207743077755033 -0.9850834268309449 
0.2190230768752849 -0.9757196789017238 
0.1255039226561173 -0.9920931233497827 
0.12723199438694824 -0.9918729856207998 
0.2685136649662768 -0.9632758751917221 
-0.020880941407955152 -0.999781969374282 
0.36264591020301784 -0.9319270056249175 
0.08282570512653094 -0.9965640484034596 
0.11117853636169056 -0.9938004493118687 
0.06488081203525337 -0.997893020433376 
0.13176668877937844 -0.9912807572671418 
0.14936178720044907 -0.9887826133808623 
0.1760973626982837 -0.9843727540168455 
0.18088080646106844 -0.9835050248239677 
0.18535048444620536 -0.9826724774387225 
0.19314335885368014 -0.9811705473212691 
0.16194244534742122 -0.986800204902136 
0.13034007888696425 -0.9914693458880813 
0.08813013989061272 -0.9961089691609353 
0.22715369726042042 -0.9738589209022636 
0.22812072093177505 -0.9736328551777448 
-0.044910292640508276 -0.9989910237909767 
0.18171155379426865 -0.9833518755855774 
0.18659999152123424 -0.9824359740788584 
0.24432530942927919 -0.9696933242898432 
-0.002746898241522271 -0.9999962272679086 
0.3127356628287799 -0.949840199820498 
0.18320806132675152 -0.9830741611215773 
0.05112621116955343 -0.9986922000954279 
0.151689518775836 -0.9884281915716261 
0.19266698419350894 -0.9812642015287107 
0.20158895183213596 -0.9794702111341727 
-0.08787350635125535 -0.9961316413414122 
0.08484999624043305 -0.9963937365007863 
0.08177581323565192 -0.9966507494451844 
0.20978379999602492 -0.9777477983913989 
0.255376223573004 -0.9668417577006028 
0.1814646117316786 -0.9833974754335457 
0.1699569299299288 -0.985451491433644 
0.15991894130916898 -0.9871301495803655 
0.1464338511895669 -0.9892204644192274 
0.13148797616478208 -0.9913177654637738 
0.13990320280417862 -0.9901651851308109 
0.22064097891741238 -0.9753550935030616 
0.2764351590227567 -0.9610325711733517 
0.31951071040999585 -0.9475826644326604 
0.13080155934526155 -0.9914085696991166 
0.17320330344976315 -0.9848860927407237 
0.1256338546351099 -0.9920766777671594 
0.002474910707063201 -0.9999969374038062 
0.14355937356774853 -0.9896417060031553 
0.0398219791313285 -0.999206790398296 
0.23463994558589082 -0.97208235038779 
0.1690687843608768 -0.9856042543306798 
0.013406189834034214 -0.9999101329990281 
0.14856320086218952 -0.9889029150273452 
0.05961052614496915 -0.9982217114312432 
0.1931220212516277 -0.9811747473858498 
0.04238645440339799 -0.9991012904020836 
0.19267407571969666 -0.9812628091115859 
0.20080736132163202 -0.9796307486186024 
0.056279697799160665 -0.9984150417615086 
0.04198539767458525 -0.999118224426973 
-8.441868576922054E-4 -0.9999996436742111 
0.11950943557107621 -0.9928330649255608 
0.19557147940394207 -0.9806894495423887 
0.20272215707314145 -0.9792362978523684 
-0.04479187224564399 -0.9989963404240929 
0.08503654352827149 -0.9963778330858051 
0.21048176403603341 -0.9775977838601515 
-0.006314684935266898 -0.9999800621783258 
0.2288042531889104 -0.973472451445168 
0.15476751263276053 -0.9879509183322156 
0.1867459051653725 -0.9824082485932036 
0.0673696551932506 -0.9977280839783665 
0.20633484050179401 -0.9784814426421685 
0.018715710627617718 -0.9998248457483457 
0.15176279189973874 -0.9884169439031266 
0.023973139139612507 -0.999712603001379 
0.18897541165736734 -0.9819818194798356 
0.1910700341816526 -0.9815764066224402 
0.1425174166413047 -0.989792294349622 
0.10386694575730043 -0.9945912012374983 
0.02330309177427772 -0.9997284460861157 
0.07082460431814724 -0.9974887846102222 
0.23844927067601454 -0.9711549543271026 
0.23265067203276035 -0.9725603656342905 
0.11574356215993212 -0.9932791288547898 
0.017288779691909117 -0.9998505378789195 
0.08153071069277884 -0.9966708299202552 
-0.12694876364651755 -0.9919092757952315 
0.03044435674567381 -0.9995364631379597 
0.17633390406757807 -0.984330409098635 
0.004240284533186597 -0.9999910099531284 
0.006497400946667188 -0.9999788916676883 
0.09932464204711805 -0.9950550816322742 
0.06507144474783755 -0.9978806076271997 
0.08297051997472643 -0.9965520020626738 
0.1124309679689415 -0.9936595379915432 
0.13203000019225417 -0.9912457208226593 
0.0871780447945571 -0.9961927466639166 
0.22669240208218772 -0.9739664033416182 
0.045188469404588004 -0.9989784793642307 
0.08672736847313382 -0.9962320831802824 
0.037895472843250934 -0.9992817085977238 
0.12050348684902423 -0.99271290394415 
0.21599365085201747 -0.9763947679046712 
0.1364129611366598 -0.9906520600260862 
0.1540475273342373 -0.9880634389158459 
0.12103880054437278 -0.9926477767883125 
0.17636216942792068 -0.984325345195722 
0.2109340241133588 -0.9775003004968055 
0.11634895991625702 -0.9932083968263686 
0.08865771392646894 -0.9960621515554802 
0.08955942143917787 -0.9959814807673282 
0.06476664319199106 -0.9979004368821778 
0.1334714231325823 -0.991052662176417 
0.004330996201947908 -0.9999906211919684 
0.28101367348510486 -0.959703764353567 
-0.0157301264482944 -0.9998762739068873 
0.056962195228741457 -0.9983763360149933 
0.11290578746850116 -0.9936056980292121 
0.25122584844236084 -0.9679284958479196 
0.21828167642670915 -0.9758858077338484 
0.1320165299601441 -0.9912475149110248 
0.05967679312950401 -0.9982177519768812 
0.024315047362156797 -0.9997043455301052 
0.17334651894856887 -0.9848608959484652 
0.20911016792874543 -0.9778920889693362 
0.28437838994487646 -0.958712121198204 
0.048744042750422954 -0.9988113026474745 
0.15133754006637437 -0.9884821439796768 
0.2034518474480378 -0.9790849532956679 
0.14326240012642166 -0.9896847400612061 
0.13009348653350847 -0.9915017321021461 
0.06559400645534323 -0.9978463941494885 
0.2265310312197881 -0.9740039486031355 

