-0.06199,0.1675
-0.03794,0.2282
0.1531,-0.01238
0.2593,0.4016
0.2053,-0.06233
-0.006387,0.03367
-0.04197,0.1017
0.01946,-0.1136
-0.3899,-0.4095
0.2481,0.2169
0.2709,0.233
0.05778,-0.05698
-0.05277,0.1167
-0.3104,0.05458
-0.4032,-0.06969
0.0275,-0.2247
0.09846,0.3649
0.2457,0.2647
-0.2901,-0.1707
-0.1076,0.2232
-0.373,0.1185
-0.1738,-0.139
0.3971,-0.001343
0.05814,-0.0432
-0.2788,-0.1646
-0.4582,-0.1181
0.1974,-0.1504
-0.05145,-0.1134
-0.433,0.4953
0.1492,0.2131
0.1611,0.3962
-0.1914,-0.4248
-0.3681,0.4501
0.08249,0.1362
-0.2268,-0.1012
-0.06224,0.01279
-0.1809,-0.05182
0.2102,-0.1328
-0.1756,-0.109
0.05892,-0.5359
-0.06117,-0.2384
-0.2308,-0.5735
0.07662,0.1698
0.01157,0.2138
-0.08652,-0.01723
-0.1991,0.0939
0.1488,0.04535
0.1361,-0.2288
0.01761,0.1977
0.2507,-0.1006
-0.4495,0.005517
-0.0941,0.2109
0.1075,0.1016
0.05406,0.03163
0.1262,-0.289
-0.03207,0.1707
0.3907,0.3207
-0.005881,-0.4194
-0.1634,0.1251
0.4337,-0.1395
0.0492,0.03089
-0.2824,-0.04962
0.4879,-0.07735
0.1619,0.0752
-0.07805,0.2325
-0.1066,0.1821
-0.2381,-0.2179
-0.1597,0.3632
0.07175,0.1344
-0.1136,0.004039
-0.02748,0.05467
-0.04976,-0.2176
-0.1098,0.0897
0.02972,-0.207
0.1989,-0.1378
-0.1594,0.07171
-0.1224,0.06116
-0.1607,-0.07687
0.3136,0.1446
0.01061,0.4877
-0.2376,-0.3679
0.1171,0.2975
0.1266,-0.1635
-0.257,0.1627
-0.05222,0.03458
0.08997,0.2222
-0.2816,-0.09845
0.005281,0.1919
-0.02687,0.3191
-0.193,0.1221
0.08743,0.005774
0.2432,-0.08885
0.3252,0.04533
0.3408,-0.09263
0.05713,0.1312
0.04069,-0.136
-0.02614,-0.2282
-0.3648,-0.05968
0.4067,0.1464
-0.07969,-0.3345
0.2448,0.007942
-0.006026,0.3951
0.05019,0.2309
-0.04219,-0.2352
-0.146,0.1218
0.3025,-0.07948
0.1981,0.2166
0.00407,-0.07091
-0.3486,0.2825
-0.2269,-0.1744
0.2572,0.269
0.09296,-0.1954
-0.451,0.0201
-0.1881,0.004507
0.205,-0.2156
-0.1238,-0.03711
0.05396,0.2448
0.06245,-0.09144
0.04602,0.1083
0.1079,0.122
0.2512,-0.03403
-0.3925,0.3094
0.2406,0.03033
0.06698,-0.01429
-0.1884,-0.04918
-0.04,-0.1998
0.08656,-0.03557
0.07912,0.1433
0.07899,0.007667
-0.3738,-0.09568
-0.2277,0.08106
-0.3959,-0.3217
-0.1453,-0.3953
0.5125,-0.2194
0.01486,0.3387
0.004295,-0.1561
-0.228,-0.06554
0.03315,0.004195
-0.1475,0.2676
-0.4066,0.05041
-0.0777,0.04029
0.1992,-0.05079
-0.07524,-0.2478
-0.05194,0.1241
-0.317,0.01854
0.1682,-0.2419
-0.06026,-0.03269
0.1994,0.216
0.01775,0.1752
0.2237,-0.2836
-0.117,0.00482
0.1618,0.01493
0.4819,-0.1472
-0.05165,0.1602
-0.1914,-0.02998
0.02355,-0.05276
0.2676,-0.1165
0.02885,-0.3286
-0.07764,0.1171
0.09703,0.2512
0.1813,-0.2277
-0.4142,-0.09537
-0.1581,0.1914
-0.02683,0.3275
0.1602,-0.2565
0.3467,-0.04598
0.2468,-0.4017
-0.2144,0.2766
0.3385,-0.1402
-0.1038,0.2667
0.1088,-0.01232
0.08363,-0.04158
0.09534,-0.001226
-0.1663,-0.3225
-0.07972,-0.07504
0.3103,-0.1004
-0.303,-0.1954
-0.2618,-0.367
0.1937,-0.136
-0.07484,-0.07036
-0.05491,0.09304
0.2276,-0.02907
-0.1313,-0.0524
0.2375,-0.02712
-0.17,0.1616
-0.04514,-0.2655
-0.05551,-0.04573
0.06269,0.02943
0.07813,0.2934
0.1799,0.03278
-0.1187,-0.2108
-0.07455,0.01739
0.05288,0.08411
0.1424,-0.2196
0.1996,-0.1287
-0.2256,-0.1156
-0.03255,0.2145
-0.1157,0.2076
0.1286,0.1133
0.05712,-0.3998
-0.3567,0.02074
-0.2429,-0.3685
0.02985,-0.07405
-0.01701,-0.08765
0.2561,0.3806
0.09388,0.05099
0.01438,-0.1157
0.1642,0.275
0.138,0.3141
-0.141,-0.007136
0.1914,-0.2132
-0.1368,-0.1351
0.4134,-0.3307
0.1786,0.1548
0.3015,-0.147
-0.09142,-0.03233
-0.1427,-0.2689
-0.03905,0.2501
-0.1454,0.1895
-0.2354,-0.06744
0.06731,0.04032
-0.2235,0.08533
0.2556,0.2537
0.1145,0.02645
0.1045,0.1375
-0.1282,0.3701
0.3007,-0.2
0.438,0.1872
-0.3341,0.001738
0.07945,0.01328
-0.09747,-0.04313
-0.09627,0.09491
0.1197,-0.2224
-0.05172,0.2108
-0.06065,-0.007352
-0.4496,0.2374
-0.1405,0.1364
-0.1085,0.07974
-0.4007,0.4359
-0.1372,0.2581
0.006025,-0.2358
0.06242,-0.04733
0.1897,-0.3283
0.1853,-0.1225
-0.03867,-0.1108
0.04324,-0.1342
0.2837,-0.2523
-0.1986,0.1567
-0.1364,0.07274
-0.02683,0.06288
-1.006,0.06552
-0.7115,-0.7492
0.9595,-0.3365
0.354,0.9098
0.9678,0.2166
0.9354,0.2932
-0.2233,-0.9565
0.9747,0.2354
-0.1673,0.9752
0.9867,-0.2718
0.8406,0.5594
0.3428,0.914
0.8732,-0.5475
-0.5157,-0.8696
0.5059,-0.8441
-0.8582,-0.5102
0.5305,-0.8246
0.6508,0.7481
-0.8682,-0.4726
-0.8938,-0.5166
-0.971,0.1951
0.8543,0.5435
0.6841,-0.6989
-0.5039,0.8733
-0.7461,0.6093
-0.05351,0.9818
1.004,-0.2708
-0.2795,-1.003
0.7666,-0.7044
0.7907,0.6304
0.4225,-0.9329
-0.4658,0.8937
0.6411,-0.7918
-0.3646,-0.9356
-0.08153,0.9902
-0.9676,0.08943
0.1014,0.9899
0.3297,-0.9486
0.7179,-0.7109
0.05859,-1.002
0.4388,0.9022
1.003,-0.06036
-0.8625,0.5293
0.3809,0.9115
0.7343,0.749
0.8172,-0.5977
0.4637,-0.8838
0.3073,-0.94
0.2299,0.9571
-0.6276,0.8386
-0.5911,-0.7854
0.1061,-0.9849
0.1344,-0.9884
0.9593,0.312
-0.5615,-0.7883
0.8645,-0.4753
-0.9662,-0.1726
0.01578,1.007
0.8359,0.4968
-0.987,-0.2657
-0.6256,0.7752
0.2502,-0.9453
-0.2305,0.9887
0.8672,-0.5019
0.1924,-0.9853
1.017,-0.08431
0.9454,0.3158
0.9518,0.2728
0.1661,-1.035
0.9628,-0.332
0.2753,1.002
0.7878,-0.6264
0.6694,-0.7574
0.8591,-0.5165
-0.9186,0.4206
0.9084,-0.4574
0.2999,-0.9956
-0.7399,-0.6662
-0.2796,0.9515
0.8203,-0.5153
1.001,0.07942
-0.3558,-0.9076
-0.9822,-0.01686
-0.9578,0.2528
-0.8965,0.4386
-0.5485,0.8626
0.2873,-0.948
0.2985,0.9408
1.019,0.1379
-0.7396,0.6356
-0.4281,-0.9099
0.9565,-0.1851
0.9475,-0.3511
1.015,0.1904
-0.5599,0.8374
0.5909,-0.7888
-0.384,-0.9368
-0.9982,0.1602
-0.9082,-0.441
0.9939,-0.1191
-0.4932,-0.8728
-0.9517,0.3119
0.9798,0.05062
-0.6098,0.7999
-0.9979,-0.2106
0.3922,-0.9522
-0.9331,-0.345
0.9657,0.3694
0.01329,-0.9911
-0.7819,-0.5913
-0.998,-0.1756
-0.7064,0.7457
0.926,-0.4252
-0.2645,0.962
-0.911,-0.3336
0.09903,-0.9894
-0.1721,-0.9554
-0.8534,0.5637
-0.2051,-0.9645
0.9807,-0.03182
-0.9045,0.4065
0.4059,0.9449
-0.02021,-0.9723
-0.9868,-0.2011
0.9908,-0.147
0.1554,1.011
-0.2113,0.9466
-0.8536,0.5452
0.3881,-0.9444
0.5395,-0.8767
0.08799,0.9824
-0.1724,-0.9999
-0.1068,-1.011
0.7602,0.6376
0.9162,0.3478
0.4023,-0.9072
-0.648,-0.7998
0.7744,0.6162
0.9762,0.1294
-0.8173,0.4835
0.9752,0.07686
-0.9626,-0.05006
0.6819,0.6948
0.09193,1.024
0.4399,-0.9024
0.1358,-1.012
0.9684,-0.1916
-0.7627,0.6591
0.9815,-0.2917
-0.8226,-0.5447
0.6313,-0.766
-0.3671,-0.9608
0.3641,0.905
0.1894,1.019
-0.482,-0.9089
0.8803,-0.4394
0.5351,0.8472
-0.6542,0.7505
-0.4496,-0.9346
1.005,0.222
0.2264,0.9728
0.5901,0.8
0.4582,0.8925
0.3848,0.929
-0.9225,-0.4508
-0.3193,0.9297
0.4617,-0.8692
-0.9923,0.2158
0.9706,-0.1939
0.8676,0.4191
0.8987,0.4685
-0.6344,-0.781
0.7213,0.7064
1.012,-0.1179
0.007626,0.9993
0.7804,-0.596
-0.06812,-0.9992
-1.016,-0.106
0.984,-0.09325
-0.9898,-0.01437
-0.8058,0.5464
-0.9973,0.2004
-0.9612,-0.04733
0.6872,-0.7097
-0.3776,0.9154
-0.05277,1.017
0.9567,0.208
-0.9323,0.3544
-0.9921,-0.157
-0.5515,-0.8309
1.013,-0.09375
-0.9142,0.3025
-0.9628,0.1283
0.1604,-1.033
-0.8152,-0.5965
0.8448,0.4841
-0.7768,-0.6595
-0.7065,-0.6898
-0.8143,0.5258
0.5945,-0.8414
0.1207,-0.9702
-1.031,-0.04993
-0.8494,0.4872
0.2308,0.9686
-0.4697,-0.8831
-0.9701,-0.2725
-0.9329,0.3525
0.9957,0.1746
-0.7794,-0.615
-0.5191,0.8585
0.9696,0.03417
-0.9059,-0.3634
0.5274,-0.8441
-0.6794,-0.7678
0.186,1.004
-0.6451,0.7259
0.772,-0.6334
0.6278,0.7668
0.4967,0.9188
-0.1825,-0.9964
0.7622,-0.707
0.9543,0.2576
-0.9178,0.4008
0.08851,-0.9982
-0.6162,-0.7668
0.4269,-0.952
-0.2224,-0.9884
-1.008,0.01977
-0.4667,0.9199
0.8948,0.4783
0.9949,-0.06701
-0.3334,-0.9089
0.03678,-1.031
-0.1419,1.024
-0.2549,0.9828
-0.9721,-0.1586
-0.4269,0.9114
0.7677,-0.6236
-0.9743,-0.08779
-0.5801,0.862
0.2999,-0.9338
-0.692,0.6787
-0.1501,-0.9859
0.9152,-0.4097
0.5491,0.8092
0.4612,0.9214
0.5427,0.8449
-0.8888,-0.4655
0.3089,0.9689
-0.4297,0.9071
0.7998,0.6456
0.9266,0.404
-0.9845,0.1327
-0.3236,0.9518
0.6492,0.769
0.9424,-0.3828
-0.05071,-0.9749
0.9532,-0.3717
-0.7797,0.568
-0.7438,0.7064
-0.1408,1.01
-0.09977,0.9994
-0.9685,0.2535
-0.8678,0.4783
-0.8086,0.6444
-0.9694,0.316
-0.4328,0.8549
0.5099,0.8697
0.7039,-0.6739
0.7434,0.693
-0.9846,-0.183
-0.8715,0.4318
0.9575,-0.1614
0.3346,-0.9372
0.1532,0.972
-0.9362,0.2708
0.7025,-0.7665
-0.449,-0.9044
0.5239,-0.8736
0.8697,0.4634
-0.9669,0.1065
-0.9697,0.2826
-0.8973,-0.3575
-0.5641,-0.8402
-0.8355,-0.5417
-0.2675,-0.9651
0.7619,-0.664
0.9824,-0.01311
-0.05809,-1.02
-0.5138,0.8344
-1.001,0.03677
-0.06317,-1.011
-0.2871,-0.9505
0.5,0.9052
0.6659,0.7429
0.8331,0.5654
-0.8228,0.5549
-0.2765,0.9748
-0.9476,-0.3246
0.7796,-0.6044
0.6231,0.7829
0.224,0.982
-0.4315,0.8967
0.5916,0.8096
0.572,0.8501
0.963,-0.2386
-0.7494,-0.7119
0.9701,-0.275
-0.723,0.639
-0.7791,0.6236
0.5529,-0.8277
0.8421,-0.5396
-0.5177,-0.8669
-0.9099,-0.474
-0.9886,0.1874
-0.6637,0.8102
-0.997,0.173
-0.5158,-0.8754
0.6317,-0.7979
-0.1038,-0.9708
0.9801,0.05712
-0.2603,-0.9298
0.08327,1.019
-0.7009,-0.7766
0.1625,0.9775
-0.8779,0.4741
0.3964,-0.9106
0.9504,0.2565
0.993,0.1398
0.6791,0.6867
0.7803,0.6713
-0.6714,-0.7375
-0.8673,-0.389
0.1734,-0.971
0.6916,0.7005
0.8243,0.6427
-0.07255,0.9834
-1.004,-0.06842
-0.5617,0.8136
-0.1648,1.002
-0.8376,-0.5705
-0.3401,0.9585
0.9216,-0.2987
0.1332,0.9856
-0.6161,-0.8031
-0.7552,-0.6255
-0.1823,0.9716
-0.1156,-0.9904
-0.9477,-0.2117
0.7856,0.5967
0.911,-0.3339
0.9173,0.387
-0.46,0.8676
0.7407,0.7241
-0.6756,-0.7231
-0.01165,1.021
0.9017,-0.4447
-0.1596,-1.018
0.8794,0.4832
-0.6554,0.7214
-0.3658,0.893
-0.8253,-0.5983
0.9304,0.3497
-0.7177,-0.6651
-0.3177,-0.9679
-0.9096,-0.4721
-0.6954,0.6947
0.5804,-0.8203
0.6197,0.8118
0.9991,0.1353
0.2664,-0.9439
0.558,-0.8026
0.8054,0.5573
0.05673,-1.005
0.6384,-0.7676
-0.8296,0.5463
-1.008,-0.1063
0.9875,-0.01101
-0.3561,0.9367
-0.9164,-0.3301
-0.5838,-0.7963
-0.2938,0.9715
0.824,-0.6236
0.2484,-0.9819
-0.4359,-0.8994
-0.01525,1.017
-0.9479,-0.3097
0.473,0.9244
0.2627,0.9417
0.8261,-0.5589
-0.9556,-0.2474
-0.01434,0.9794
-0.5571,0.8182
0.8838,0.3867
-0.8532,-0.5254
-0.1937,0.988
-0.7723,-0.6236
-0.9125,0.4624
0.5469,0.8423
-0.9738,0.05991
-0.8469,-0.4484
0.9601,-0.5789
-0.1394,-0.9081
0.7222,0.03085
-1.003,0.8782
-0.9665,-0.4603
-0.02928,-0.01209
0.8443,0.01895
0.5437,-0.2844
-0.517,-1.163
0.2606,-0.3519
0.6588,-0.6765
0.963,-0.1165
-0.3733,-0.2084
0.7134,0.8281
-0.4863,-0.6625
0.45,-0.4491
0.05273,-0.1248
0.4901,0.9599
0.8521,-0.8109
-0.1338,-0.3288
-0.6577,-0.1017
0.2562,0.5123
0.2754,0.6949
0.2553,-0.958
0.5173,0.2182
-0.6872,0.8521
0.934,1.116
-0.9155,0.9496
0.797,1.147
0.9197,-0.7427
0.5425,-0.3436
-0.5626,-0.9561
-0.06735,-0.3859
-0.3083,0.3038
-0.3432,0.5097
-0.6766,0.4382
1.131,1.097
1.149,1.079
-0.602,-0.2221
-1.119,-0.7484
1.184,-0.1936
-0.0184,-0.5971
0.5053,0.6198
-0.6937,0.1332
-0.6665,-0.3561
0.125,-0.6795
-0.5962,0.53
-1.184,0.5878
-0.1809,0.9541
-0.3918,-0.1963
0.1384,0.4066
-0.7885,-0.9709
0.9075,-0.7923
1.035,-0.06426
1.078,-0.8552
-0.03851,0.4116
-0.009398,-0.8395
0.484,0.7527
0.414,-0.06422
-0.9304,-0.2077
0.7806,-0.1941
0.02012,-0.8794
0.2843,-0.454
-1.157,-0.5343
-0.05563,0.3316
0.8496,-0.1808
1.12,0.1575
0.8311,-0.3302
-1.017,0.1032
-0.7369,-0.7024
-0.6207,-0.9885
0.2001,-1.128
1.103,1.108
-0.932,-1.081
-0.08608,0.6323
-1.193,0.4818
-1.142,0.1258
0.5771,0.6257
-0.5285,0.6354
-0.166,0.6336
0.6414,-0.8599
0.3543,0.4893
-1.013,-0.01334
-0.6789,-1.137
0.727,0.5557
0.3225,-0.1593
-1.099,0.3869
1.058,0.7056
0.3788,0.4551
-1.123,-0.3776
-0.3321,1.105
0.2344,-0.6257
-0.2457,0.2087
-0.1246,0.4787
0.2194,-0.6177
-0.2951,-0.2287
-0.8021,0.1018
0.2006,-0.635
-0.5435,-0.2753
0.3455,-0.3611
-0.1512,0.3212
-0.6796,-0.1204
-0.1448,0.3965
0.493,0.7387
-0.9085,0.7977
0.4961,-0.8474
-0.4663,1.005
-0.06944,-1.095
-0.2322,0.2969
-0.006815,-0.08808
-0.8714,1.04
-0.9484,-0.8768
0.6512,0.000707
-0.0373,-0.06012
0.2795,-0.859
-0.9067,0.8543
-0.2463,0.08201
-0.3655,-0.4943
0.2425,1.03
1.126,-0.9221
-0.8507,0.3806
0.2622,1.024
1.191,-1.016
-1.103,0.2695
-0.711,-0.2299
-0.1204,-0.7949
0.6069,-0.6996
-0.5273,-0.2797
-0.126,-1.058
0.7308,-0.3135
0.04962,0.9701
0.7574,0.1902
0.4164,0.8728
0.03371,1.005
-0.3986,-0.452
-0.5557,-0.3138
0.8032,0.5101
-0.4391,-1.089
-0.2167,0.3814
-0.1255,-1.148
-1.149,0.6816
0.6903,0.5743
-0.2894,-1.116
-1.025,0.309
-0.881,-0.3429
0.8332,-0.8009
-0.9847,-0.9405
-0.5321,0.8109
-1.005,-0.5863
-0.6948,1.201
-0.6385,1.113
-0.398,-0.4386
1.045,1.063
0.3852,0.9587
0.4302,0.5482
0.4161,-0.6989
-0.5104,0.9549
-0.05448,1.015
-0.2592,-1.125
-0.6477,-0.3783
-1.029,-0.1976
-0.263,0.7426
-0.7002,0.732
-1.072,-0.07683
1.071,-0.9496
0.2498,0.1937
0.5144,-1.167
0.497,0.5891
-0.1161,-0.6273
0.4602,-0.2609
-0.2964,-0.04021
1.094,0.1694
0.4511,0.8693
0.4705,-0.8423
1.049,-0.5155
-0.412,0.4475
0.8523,1.206
0.9123,1.17
1.189,-1.002
0.8959,0.9352
0.9581,0.3131
0.1986,-0.745
-0.6789,0.493
-1.106,-0.983
0.7398,0.1535
0.6423,-0.2806
-0.1315,-0.5337
0.8292,-0.4643
0.3583,1.142
-0.5379,-1.121
0.003236,-0.9699
-1.128,0.7583
-0.4703,-1.136
1.032,0.00367
-0.4084,0.526
-0.4566,-1.18
-0.8835,1.044
1.032,-0.3004
0.7527,-0.9173
0.7491,-0.1992
0.1182,1.068
0.05337,0.6057
0.2275,-0.4303
-0.798,-0.6757
0.2289,-1.052
-0.8608,0.06094
-0.9002,-0.7831
-1.197,-0.4577
0.7649,-1.014
0.7438,0.3594
-0.009053,-0.7181
0.3663,-1.199
0.7858,-0.01103
-0.1419,0.9516
0.2179,0.01854
-0.662,-1.087
0.7219,-0.2183
-0.8208,0.8919
-0.5585,-0.3077
1.053,-0.9137
0.9847,-1.149
0.1214,1.16
-0.3813,1.022
0.5421,0.3099
0.3771,1.176
0.7717,-0.3269
1.046,-0.4244
-0.3634,0.4072
-1.166,-0.08676
0.8344,0.4259
-0.05915,-0.385
0.403,0.8622
0.9938,0.6034
-0.8831,-1.168
0.4816,0.7554
-0.8715,0.1865
-0.9503,0.6079
0.352,-0.6138
1.056,-0.1292
1.102,0.8516
-0.7742,-0.162
-0.6797,1.08
0.4638,0.3798
0.4767,-0.3419
-0.5054,-0.459
0.5605,-1.015
-0.9261,-0.7756
0.07588,-0.2977
1.114,1.046
1.094,0.07045
-0.03928,-1.138
0.8992,-1.121
-0.873,-1.095
0.2495,-0.5653
-0.8566,-1.052
-0.5683,0.1756
-0.7612,0.6552
0.8849,-0.01394
1.125,0.7039
-0.7152,0.2675
0.1882,-1.147
0.7649,-1.056
0.1614,0.7196
-0.9778,0.06589
0.995,0.7942
0.5912,-0.6975
0.7691,-0.6386
1.001,0.8455
-0.5307,0.7488
0.08517,-0.5131
-0.7285,-0.08233
-1.158,0.4867
-0.438,0.1334
0.5931,0.06238
-0.9082,-0.7112
-0.1821,-0.0259
0.1506,-0.7845
0.3288,0.6004
0.6428,0.7239
-0.945,0.674
0.5925,-0.485
-0.4881,0.7774
0.9569,-0.6129
-0.9057,-0.6135
-0.1954,0.6068
-1.09,-1.079
0.5472,-0.9238
-0.6508,-0.1973
0.5329,-0.2569
-0.3879,0.8239
0.6113,0.7222
0.1492,-0.9915
-0.6615,-0.297
-0.3906,0.6453
0.5216,-0.4752
0.2237,0.2233
-0.4151,0.003392
-0.5413,0.01813
-0.6206,-0.2432
-0.4894,-0.9445
0.8529,0.5657
0.9602,-1.002
-0.8605,-0.204
1.045,-0.7903
0.6926,0.3171
-0.1299,-0.6823
0.06578,0.484
-0.268,-0.5906
0.5707,0.8067
-0.4063,0.5543
-0.291,-0.2336
-0.06478,0.8739
-0.8607,0.7101
0.02307,0.9991
-0.6516,0.3867
0.2273,-0.6296
0.1156,-0.8633
-0.7581,-1.021
-0.904,0.9589
-1.068,0.8648
-0.1902,0.3861
0.9667,-1.147
0.4052,0.3376
0.4703,0.686
0.5463,-0.1831
-0.6492,0.9256
-0.6331,-1.104
-0.7273,1.018
-0.9692,-0.1779
0.9494,-0.8969
-0.1499,-1.031
1.014,-1.149
0.8902,0.5704
0.7477,1.071
0.4786,0.9762
-0.06318,-1.167
0.6383,-0.08293
0.4124,-0.5347
1.075,-1.089
-0.4765,-0.402
0.3072,0.506
0.148,-0.107
0.7951,-1.014
0.3467,0.2997
-0.1326,0.06431
-0.1931,-0.9748
-0.14,-1.026
0.8358,0.1509
-1.119,0.6253
-0.1643,-0.7586
1.062,0.6541
-1.074,0.56
0.85,-0.1254
0.3135,0.3409
-0.119,-1.007
-0.5505,0.5267
-0.3418,-0.8624
-0.7469,0.9972
0.2156,1.014
0.2095,-0.4538
0.5906,-0.05883
-0.4264,0.2975
0.79,0.7739
0.8849,0.3383
-0.3046,1.072
0.9339,0.6181
-0.4053,0.3896
-1.058,-0.6414
-0.1878,0.4073
0.3204,0.3173
0.3727,-1.153
0.3283,0.2551
-0.3082,1.183
-1.07,-0.03265
0.6393,0.1788
0.5219,0.4678
0.6083,-0.8979
1.094,0.5796
-0.7101,-0.4908
0.06835,-0.4046
0.822,-0.929
-1.125,-0.8345
0.5143,0.1511
-0.4419,0.972
0.7449,-0.6068
0.07047,0.2934
0.4079,-0.4105
0.7816,0.713
-0.2417,-0.1089
-0.6715,1.049
0.4558,0.5135
-0.3023,0.9278
0.6947,0.7604
-0.723,-1.005
0.5764,-0.7219
0.452,-0.6996
-0.9741,-1.137
-0.3416,-1.043
-0.5776,-1.072
-0.4133,-1.033
-0.4158,-0.4221
0.07673,0.5623
0.8303,-0.1559
-0.6829,-0.1266
0.8297,0.3819
-0.898,-0.5405
0.1802,-0.6302
-0.6662,0.8071
0.07482,0.8583
0.1026,0.7005
0.3218,0.482
-0.1294,-0.6969
0.6311,0.3189
0.06678,-1.098
-1.017,0.08445
0.4026,0.8915
1.102,-0.135
0.4482,0.6461
-1.037,-0.7489
-0.6796,-0.01034
0.4083,-0.2511
-0.9008,-0.8724
-0.04724,0.5023
0.6695,1.064
0.5227,0.7554
0.1481,-0.8172
-0.7752,-0.5729
-0.04643,-0.339
1.003,0.9752
0.8992,0.834
1.011,-0.5114
0.4228,-0.9815
-0.6766,0.495
1.184,-0.9526
-0.5519,0.3749
-0.519,0.3309
0.9217,-0.4076
-0.1231,-0.3275
-0.9315,0.7908
0.306,0.5784
0.5153,-0.451
0.9916,0.04586
-0.5441,0.3216
-0.5354,-0.1384
0.494,-0.5757
0.2867,0.1037
1.12,0.9155
-0.5139,-1.122
1.151,0.764
-0.701,0.8317
0.07076,-0.4729
0.4636,-0.4775
-1.171,0.0721
-0.8185,-0.5381
-0.01595,-0.5074
-0.7028,-0.1201
-1.185,0.3705
0.6987,0.1897
0.7224,0.03579
0.0921,-1.099
-0.8853,-1.148
-0.9345,-1.13
1.025,0.5369
0.07373,-0.1667
0.6416,0.9677
-0.8904,-0.4609
-0.925,-0.6241
0.3669,1.19
0.04965,-1.026
-0.98,0.2903
0.9424,-0.8492
0.2686,0.5699
-1.191,0.7107
-1.042,-1.028
0.1313,-0.4726
-0.2333,-0.3711
-0.479,-0.07494
-0.09954,0.6808
-0.8901,-0.3455
0.445,1.063
-0.6753,-0.8382
0.3729,-0.42
-1.187,-0.9843
1.052,0.1978
-0.9019,-0.3237
-0.6256,0.1984
-0.9151,-1.133
0.3612,0.6692
-0.912,-0.7829
0.04824,-0.7684
-0.1083,0.3678
-0.8387,-0.1438
-0.01899,-0.1888
-0.8639,-0.5339
-0.6011,1.111
-0.2896,-0.007058
-0.9219,-0.8208
-0.4622,-0.5556
-0.9568,-0.8742
0.9872,0.8162
-0.3847,0.1274
-0.9192,-1.008
0.6114,-0.2648
-0.4781,-1.112
0.6282,-0.2948
-0.1267,-0.6444
0.2726,0.3281
-0.0364,-0.8004
-0.804,-0.5568
1.093,1.164
0.2883,0.02213
-0.1816,-1.07
0.721,0.2697
1.156,-0.4187
0.6135,-1.125
0.2749,0.5948
0.9542,1.017
-0.8579,0.05223
0.9211,0.02542
1.143,-0.5672
0.4482,-0.7991
0.9196,0.9288
0.8742,-0.7819
0.4487,0.6475
0.7023,0.4456
-0.3322,0.6946
-0.141,0.242
-0.3985,-0.3026
0.4009,-0.2782
-0.4703,-1.107
-0.5331,0.6368
0.04289,0.2748
0.8214,1.037
-1.069,0.0326
-0.3464,-0.7071
0.1229,-1.076
0.6761,0.6223
-0.5876,-1.166
-0.4132,0.599
0.9472,-1.057
-0.315,0.3291
1.123,0.6344
-0.9199,0.3894
-0.5994,0.8798
0.05573,-0.7095
-0.373,1.135
0.005447,0.3031
0.7208,-1.137
-0.3494,0.8038
-0.4736,-0.7554
-0.9865,0.255
0.8728,-0.1259
-0.05206,-0.09294
1.17,-0.09187
0.5508,-0.8552
0.1098,-0.6076
-0.7457,0.6227
0.2586,0.5649
-0.06979,0.4644
0.7356,-0.4447
-1.015,0.7423
1.085,-0.8793
0.2695,0.1359
-0.3187,0.4783
-0.8214,0.1028
0.2119,-0.2499
1.116,0.06179
-0.1493,0.7785
-0.0885,-0.7389
-0.5656,0.8922
0.6695,-0.4702
-0.4863,-0.2033
0.8994,-0.1855
-0.07094,-0.04328
0.5924,-1.083
-0.103,0.3665
-0.8943,0.391
1.096,-0.1598
0.4279,0.3253
0.04714,-0.09607
-1.047,-1.013
-0.9817,-0.7091
0.3847,-0.3288
0.2583,0.186
-0.2083,0.1239
1.093,0.6762
-0.9554,0.0007487
1.185,-0.6297
0.9755,-0.5915
-0.09047,0.1811
-0.9175,0.9388
-1.054,-0.7452
0.4267,0.06306
-0.7892,-0.5509
0.4895,0.3855
-0.7857,-1.058
-1.068,-1.163
1.13,0.00954
-0.309,0.7292
-0.8425,-0.6912
0.4296,0.2456
0.4366,-0.1736
0.7935,-0.7971
-0.9569,0.7072
0.4891,0.2895
-1.003,-0.2301
-0.2603,-0.2372
0.65,0.6827
0.4397,0.207
1.179,-0.8573
-0.2703,-0.6764
1.068,0.7985
-0.8015,0.1883
-0.5489,-0.1448
-0.6141,-0.06915
1.188,1.103
-0.262,0.941
-0.7461,0.6884
-1.129,0.00335
-0.2377,0.6762
0.5063,1.007
1.19,-0.08328
-0.5734,-0.1029
-0.1423,1.04
-0.754,0.8424
-0.3533,0.5942
0.5299,1.089
-0.1029,1.075
0.05155,-0.2124
-0.4729,-0.5959
0.495,1.121
-0.3276,1.128
0.6996,-0.5368
-0.01552,-0.7478
-0.3254,0.6434
0.858,0.2767
-0.6455,0.1896
0.2184,-0.08977
0.4942,-0.3763
-0.5754,0.9437
0.8433,0.2961
-0.8343,0.9657
-1.084,0.6028
0.3798,-0.5297
-0.2064,0.004151
-0.2236,0.8366
-0.6186,1.051
0.05554,-1.143
-0.0678,0.3958
-0.3799,-1.034
-0.362,0.372
-0.2919,-0.6166
0.5468,1.157
-0.3712,-0.5093
-1.139,0.4186
-0.01062,0.7381
0.7983,0.6976
-0.127,-0.1013
-1.15,1.018
-1.142,-0.02673
0.335,-0.1185
0.2304,-0.9473
0.399,-1.168
-0.4822,1.04
1.103,0.03252
0.9024,0.1925
0.3716,0.4362
-0.4956,-0.075
0.0902,-0.02656
-0.5325,0.8242
-0.1936,-0.4545
-0.4027,0.3063
-0.4492,-0.1039
0.9942,0.1657
0.8536,1.06
-0.1883,0.8173
0.6172,-0.3281
0.7501,1.112
0.6981,-0.01152
-0.4595,0.003977
-0.2023,0.8412
-0.8934,0.4013
-0.5231,0.5614
-0.8768,0.1075
-0.8869,-0.7423
1.009,-1.073
0.4063,0.2933
-0.3089,0.6945
-0.9961,-0.8535
-1.19,-0.08554
0.9724,0.532
-0.2862,0.766
-0.08223,0.9202
-0.7733,0.6346
1.131,-0.9087
-0.5327,0.05419
-0.0263,0.1721
0.5695,-0.178
0.8142,0.1911
-0.9655,-0.09642
0.9835,0.3452
-1.031,-0.5212
-0.9116,1.151
-0.04559,0.2126
0.01091,0.06726
-0.796,1.1
0.412,0.08648
0.6341,0.965
-0.5999,-0.5028
-0.5333,-0.3499
0.7426,0.8323
-0.5155,-0.8236
-0.8545,-0.3679
0.4731,-0.4216
0.9425,0.4672
-0.8943,0.2586
-0.3097,1.038
0.6081,0.5318
0.01325,-0.9126
0.957,0.4127
-0.4688,-0.5749
0.8758,0.01376
-0.4279,0.414
1.093,-0.2125
0.8996,0.4073
-0.9576,-0.2936
0.8585,0.7369
-0.1943,0.6684
-0.4393,0.3434
1.145,-0.2543
-0.1953,0.1774
0.9899,1.172
-0.9592,0.04809
-0.9275,-0.2027
-0.4442,-0.8636
-0.7288,0.6752
-0.004274,-0.3345
-0.1376,0.5526
0.3481,-0.9658
-1.026,1.172
-0.3849,-0.7052
-0.01706,-0.3743
0.3908,-0.4003
1.039,0.03961
-0.705,-0.4793
-0.3679,0.3428
0.7304,0.4781
1.173,0.07946
0.6507,0.648
1.027,-0.1008
-1.073,1.023
0.955,-1.086
0.8314,1.09
-0.2714,-0.8034
0.008385,-0.9705
0.3075,-0.4641
0.0989,0.9554
-1.1,0.4925
-0.4573,-0.2098
1.023,-0.6883
0.3338,-1.002
0.2272,1.062
-0.8994,0.4218
-0.9847,-0.33
-0.712,-0.4398
-0.2394,-0.2284
-0.5736,0.6283
0.1905,0.6581
-0.3299,1.166
-0.6183,0.9804
-0.2322,0.04021
-0.7109,-1.012
0.03794,-0.4061
-0.03229,0.5017
0.6022,0.4164
0.8902,0.4796
-0.2441,-0.4331
-0.01293,-0.1455
-0.2296,-0.5464
0.2131,1.102
0.3183,-0.3929
-1.142,-0.3241
0.1413,-0.6412
-0.186,0.909
0.1033,1.18
-0.00866,-0.1701
-1.071,0.5256
0.3291,0.9437
0.6658,-0.3548
0.2997,-0.6823
-1.163,-0.6635
-1.166,0.8669
0.9347,0.6671
-0.4361,-0.3921
-0.6349,0.8191
-1.114,0.5676
-0.6764,1.103
0.1349,0.4948
-0.2443,0.2115
-1.021,-0.7897
-0.2966,0.5899
-0.9296,-0.8891
0.7379,0.5021
0.2592,0.7141
0.9492,0.3566
0.3822,-1.166
-0.4018,-0.6576
-0.06887,0.1101
0.842,0.7042
0.7718,-0.9376
-0.0662,-0.7395
0.5496,0.5114
1.039,0.8997
-0.5494,-1.196
-0.8471,1.147
-0.2632,-1.162
-0.2435,1.122
1.027,0.764
0.619,-0.254
0.2148,0.08564
0.2625,-1.123
-0.2492,-0.136
-0.4478,-0.7095
0.9344,-0.9864
0.6011,1.056
0.4166,0.1477
-0.5218,0.9428
-0.3394,-0.3328
-0.8739,-0.3519
-0.1027,-0.4902
-0.4484,0.1615
0.05588,0.8361
0.6731,-0.09336
0.1444,0.1234
0.9121,1.133
-1.126,-0.3312
0.8308,0.4217
-0.8745,-0.6996
-0.8198,0.4938
0.9465,0.07954
0.4653,-0.3927
0.8092,-0.4091
1.116,0.3545
-0.1474,-0.4375
-0.9864,0.5026
0.0636,-1.106
-0.1107,0.8688
0.8921,-0.5316
0.8343,-0.2012
-0.8788,1.168
-1.105,-0.5921
-0.78,0.6895
-0.8943,0.748
-0.5657,-0.7681
-0.3361,0.07302
-0.7296,-0.9573
0.5667,0.831
-0.9793,-0.4841
-1.057,0.08847
1.057,-0.354
0.4571,0.4181
-0.4832,-0.9741
0.5298,-0.4768
0.9476,1.053
0.3272,-1.161
1.164,0.9175
-0.08065,-0.04354
0.8208,0.002384
0.2414,-0.4927
-0.4441,-0.1644
-0.4467,-0.9522
-0.8931,-0.4962
-0.1293,-0.8417
0.5486,0.9392
0.06313,-0.9625
-0.2285,0.9927
-1.081,-0.7377
-0.009633,1.176
-0.7125,-0.1897
1.083,0.131
0.9274,-0.9518
0.2594,0.8683
-0.2877,-0.8257
0.3131,0.6872
-0.7773,-0.8955
0.4018,0.9082
-1.173,0.2079
-0.9688,0.008678
-0.1947,0.01667
0.01576,0.1433
-0.002283,-1.187
-0.07303,-0.2595
-0.6645,0.6395
-1.176,0.831
0.327,-1.126
-0.3292,-0.6704
0.3374,0.4776
0.8735,-0.8363
-0.1297,0.4117
0.9056,1.064
-0.1891,0.2549
0.7626,-0.8415
0.5188,-0.685
0.7676,-0.5919
-0.95,-0.2871
0.8143,0.8015
0.6825,1.11
1.003,-0.9831
-0.4612,0.6556
0.2949,-0.692
0.7757,0.4227
0.5075,0.3645
-0.5169,-0.6092
0.8102,0.3547
0.2132,0.9579
-1.061,0.6649
0.5307,0.5497
0.7946,0.9525
1.178,0.1614
0.06578,0.2843
0.1226,0.1537
0.9848,1.075
-1.07,0.63
0.1341,-0.1114
-0.8437,-0.4221
1.024,0.5861
0.2033,0.3365
-0.8475,1.147
0.215,-1.199
-0.6243,0.3045
0.8135,-1.049
0.1529,0.7496
-0.1946,-0.4265
0.09232,-0.4561
0.9793,-0.1222
-0.3072,-0.3878
-0.4775,0.7374
0.03765,0.9437
0.3104,0.9334
0.2666,0.09926
-0.5547,-0.3175
0.3451,-0.3909
0.2116,0.6524
-0.07058,-0.6308
0.372,0.7752
-0.1221,0.2608
1.007,-1.137
-0.2127,0.1232
-0.5578,-0.3387
-0.09921,-0.3567
-1.13,0.8381
-0.2282,-0.4525
0.8743,-0.6184
-0.2881,-0.8989
0.9797,0.6486
-0.2484,0.5124
0.5754,0.8645
0.3031,-0.4954
-0.0572,0.5246
-0.5926,0.522
0.05209,-0.02288
0.07852,0.1525
-0.7963,0.6646
-1.16,0.3817
0.631,0.3775
-0.4925,0.1871
-1.202,-1.108
0.7948,-0.2589
0.6716,-1.029
0.8843,-1.017
-1.009,0.7421
0.04837,0.8332
1.126,-0.62
0.4408,-0.406
0.7861,-0.5699
-0.02537,0.785
-0.5361,-0.06038
-0.6692,-0.5353
0.251,-0.6229
-0.09364,-0.08264
1.086,-0.5939
0.05159,0.4885
-1.179,1.051
-1.178,0.09701
0.2436,-1.146
-0.3282,0.5927
1.077,-0.3975
0.9665,-0.4248
-0.483,0.9764
0.9237,-0.3549
-0.5744,1.146
0.8346,0.5769
-0.6629,-0.3898
-0.7275,-0.6032
0.7977,0.6436
0.83,-0.8238
0.5939,-0.9134
0.2012,-1.025
0.06945,-0.7862
0.09039,-0.7866
-0.9776,0.636
-0.6192,-1.158
-0.56,0.7101
-0.4648,-0.7073
0.3514,-1.077
1.066,0.183
-1.095,0.3686
0.8251,0.7237
-0.6762,0.3884
-0.2362,0.6941
0.1571,-0.2814
-0.4056,0.4198
0.2588,-0.6718
-0.8067,-0.1638
-0.4533,-0.07182
0.3101,-1.16
-0.4026,0.7728
-0.7345,-0.1476
-1.149,0.9959
-0.1143,-0.9435
0.4312,0.4731
-0.7876,0.8598
-0.9855,1.057
0.05512,1.028
-1.167,0.7969
1.053,-0.09749
-0.1765,0.9647
0.174,0.7538
-0.1923,0.2532
0.5423,0.8278
-1.132,-0.6177
0.7991,0.6508
1.098,0.8951
-0.03667,-0.3537
0.04331,0.9092
1.138,0.3606
-0.2826,0.2219
1.174,-0.1641
-0.5518,-0.6105
-0.3789,-0.4036
0.8059,-0.4588
0.1808,-0.807
-0.1309,0.1089
-1.118,0.1769
0.6517,-0.3754
0.3327,1.15
-0.2825,-0.2612
-1.094,0.1255
-0.1828,-0.1191
0.895,-0.9491
-0.3906,-0.6322
-0.2771,-0.4245
0.8213,-0.4421
-0.3024,0.4764
0.3015,0.9346
-0.2037,0.3277
-1.189,1.183
-0.09543,-0.8025
-0.8375,0.05792
0.1779,0.5902
-0.00757,1.039
0.7837,-0.2224
0.3198,-0.1786
0.1149,-0.5674
-0.884,0.3395
0.04175,-0.9026
-0.9871,-0.3427
-0.1121,1.164
-1.209,0.932
-0.1427,-0.721
1.093,0.2808
0.2799,-0.7701
-0.1144,0.3744
-0.05656,-0.3306
-0.03966,-0.9326
0.5474,1.204
-0.2887,0.03883
-0.8778,0.4717
-0.01977,0.3526
-1.169,-0.603
-1.022,0.7007
-1.174,0.3341
1.014,0.4455
-1.065,0.8414
0.1053,-0.6376
1.144,-0.6444
0.2976,-0.6279
-0.344,0.8891
-0.9395,-1.103
0.5777,1.187
0.1069,0.8363
-0.3646,-0.01769
0.3176,0.3495
-0.9082,0.2971
0.2789,0.4665
0.6804,-0.04
1.027,0.6221
-0.9196,-0.1978
1.054,0.9403
0.8469,-0.3584
-0.3859,-1.126
0.8958,-1.119
0.8192,-1.197
1.168,-0.8715
-0.09996,0.2925
0.3886,-0.6785
1.083,0.363
-0.3842,-0.414
-0.1008,-0.9474
-0.6492,0.7159
0.6662,0.2607
-1.146,0.4833
-0.2272,0.1306
0.6969,-0.7937
-0.2081,-0.9992
-0.5439,0.1799
1.141,0.8003
-0.3865,0.9304
-0.8601,-0.7893
-0.5201,0.8708
-0.6352,0.244
0.508,-0.471
-0.9396,1.09
-0.09409,-0.2504
1.038,0.9765
0.4408,0.829
-0.4828,-0.4189
1.094,0.5708
-0.1914,0.9547
-1.082,-0.2725
-0.0248,1.153
0.4555,0.339
-0.8128,0.02
0.03876,0.5221
1.041,-0.9377
-0.06094,-0.1628
-0.9645,0.68
0.4328,-1.068
-0.5386,0.2561
-0.2866,-0.3197
-0.5016,0.1925
0.04964,0.2579
-0.5413,0.9729
0.0947,-1.145
0.6255,-0.3073
0.4997,0.7675
0.8331,0.7023
-0.5992,-0.004483
1.163,0.5102
-1.002,-0.2332
-0.5808,0.6327
1.097,-0.9395
-0.4502,0.8154
0.5286,-0.145
0.3352,-0.172
0.8942,-0.7159
-0.2615,0.9625
-0.1139,0.03819
-0.2753,-0.8401
0.9093,-1.11
0.8233,0.818
-0.8085,0.6924
-0.5712,-0.03354
0.4192,-0.4201
-0.7457,-1.123
-0.003459,-0.6895
0.2849,-0.4572
-0.9948,1.037
1.135,0.82
0.2788,-0.2757
0.127,-0.2975
-0.8312,0.3561
0.9355,-0.4925
-0.3931,-0.04704
-0.5374,1.205
0.4698,-0.6152
-0.4007,0.5347
-0.1779,0.1805
0.8978,-0.5096
-0.1583,1.138
-1.051,-0.4659
-0.536,-0.7117
-0.7843,0.04077
0.8407,-0.8755
-0.8392,0.02432
-0.7436,-0.6916
0.6788,-0.9306
-1.2,0.5219
1.141,0.8647
-0.005371,-0.3748
0.2779,-0.2442
-0.9491,0.3113
0.6822,-0.6551
-0.7917,0.9944
-0.3713,-1.115
-0.08961,0.1022
1.08,0.8592
0.9545,-0.3824
0.5997,-1.145
-1.174,0.8501
-1.066,0.6464
0.9405,-0.1156
1.041,0.5308
-0.1924,-0.4293
0.3067,-0.2738
0.04699,-0.2661
-1.14,0.5003
0.4418,0.6055
0.03485,0.3114
-0.3703,-1.168
0.6951,0.0746
1.025,-0.9286
-0.2606,1.017
0.503,-1.051
0.6759,0.3748
-0.6338,0.2131
-0.2356,-0.07104
-0.7786,-1.052
0.2377,0.02238
-0.4094,-0.248
-0.3078,1.087
1.16,0.5682
0.2975,-0.6384
0.9075,0.2358
-0.321,1.114
0.3423,0.2971
-1.07,1.032
1.103,1.113
-0.5069,0.7016
0.9471,0.4753
-0.6867,-0.9347
0.7299,0.9672
-0.8374,1.046
-0.7579,0.6712
-1.126,-0.3845
-0.2521,-0.5985
0.7429,-0.3324
1.011,-0.6795
-1.188,1.02
-0.1801,0.4787
-1.006,1.133
-0.945,-1.027
-1.048,-0.4582
1.043,-0.9763
-0.2704,1.166
-1.052,-0.7068
-0.4883,-0.8477
-0.501,-0.1702
-0.3479,0.839
-1.095,0.6464
-1.118,0.5335
1.035,-0.5118
0.7838,-0.6726
-0.2792,1.185
0.5638,0.1098
-0.9941,-0.7371
1.114,0.8837
-0.6972,0.9301
0.6643,0.9018
0.1436,0.5111
1.022,1.16
0.6802,0.7848
-0.1701,-1.057
-0.8786,-1.085
0.8779,0.8069
-0.1028,0.6493
-0.9785,1.131
-0.6712,-0.5103
-0.3152,-0.7667
-0.4431,1.048
-0.3628,0.01883
-0.3005,0.1296
0.6472,-1.167
-0.7245,0.699
1.09,-0.0487
0.344,0.7308
-0.04182,0.07817
-0.5515,0.3629
-0.6789,1.062
0.9352,-0.1238
-0.6755,1.034
-0.7708,-0.7079
-1.088,0.05244
0.8045,-0.9606
0.8128,0.8695
-0.4009,-0.9988
-1.058,-0.8819
0.8135,0.07796
0.02608,-1.146
-1.027,-1.122
-0.664,0.2371
-0.8468,0.1163
0.01079,-0.9057
0.4481,-0.739
0.9479,-0.731
-0.6316,0.337
0.3494,0.8212
0.8033,0.002932
0.9652,-0.06881
-1.077,0.383
0.6601,-0.687
-0.564,0.8724
-0.3371,-0.7319
-1.027,1.031
0.6042,-0.5596
-0.8987,0.1085
-0.4518,-0.5141
0.7742,-0.113
0.3778,-0.04761
-0.9161,-0.4432
0.5429,-1.096
-0.3589,-0.8166
-0.1118,-0.323
-0.2086,-0.2815
0.1539,0.1791
1.062,0.2782
0.6545,-1.161
0.1946,-0.5546
-0.2544,0.4669
-0.08391,-0.5793
-0.2312,0.1009
-0.7215,-1.022
0.9292,-0.9161
0.7247,1.188
-0.7343,0.2501
-0.2328,1.187
-0.2633,-1.089
-0.9352,0.02963
-0.5155,0.5825
-0.2806,-0.2998
0.6063,0.5473
-0.7619,0.901
0.9287,0.9048
1.144,-0.01191
0.918,-0.2457
1.076,-0.5876
-0.3668,-0.3999
-1.212,-0.9614
0.3608,0.9464
-0.3047,0.6245
0.9855,0.5565
-0.1787,0.2301
0.6395,0.8904
0.4622,0.4023
-0.8561,-0.7287
-0.6305,0.6941
0.6534,-1.07
-0.2836,-0.7706
0.7778,-0.6221
-0.2073,0.2622
-1.04,-0.02145
-1.19,0.08299
-0.4377,-0.5029
-0.1786,-0.5994
-0.423,0.1897
-0.2303,1.098
-0.3028,-0.364
0.7282,-0.6764
0.3292,0.4006
-0.348,0.184
0.03788,-0.9583
-0.09464,0.2248
-0.7245,-0.3973
-0.5151,0.1971
0.4546,0.04383
0.2094,0.5545
0.1174,-0.6625
0.1064,1.182
-0.5328,-0.7044
-0.2641,-0.06337
-0.6564,-1.017
0.5581,-0.6277
0.4342,-0.415
1.114,0.743
-0.03879,0.8111
-0.1105,0.6524
-1.056,0.4334
0.9563,-0.5898
1.055,0.7839
0.02884,0.6536
0.3297,-1.089
-0.9049,0.2879
-0.06215,-0.3769
0.425,0.05644
-0.3146,0.9571
0.8051,-0.9213
1.12,0.4776
0.3062,-0.06835
1.144,0.8831
-0.7286,-0.3516
0.4965,1.181
-0.7488,0.447
-1.023,0.8892
-1.037,0.8285
0.2274,-0.7877
0.7429,0.4322
-0.9548,-0.9301
0.3545,-0.5746
-0.3376,-0.5939
0.3927,-1.166
-0.1824,0.9905
-0.2774,-0.1169
0.3086,-0.7773
0.5183,-0.3855
-0.06607,-0.2687
-0.824,-1.166
-0.7838,-0.9252
0.6276,0.6395
-0.9435,0.4641
-0.2698,1.059
0.1005,-0.006563
-1.001,-1.165
0.9881,-1.026
0.5869,0.4494
0.7555,-0.1816
-0.4984,-0.5047
-1.085,-0.07647
-0.8802,0.4381
1.1,0.4831
0.06433,-1.028
0.2265,-0.8868
0.476,0.05717
0.3613,0.4762
0.1587,0.1079
0.7969,0.547
-0.9587,1.002
0.1732,0.715
0.5089,0.5655
-1.082,-0.6272
-0.7714,0.9367
-0.3381,0.07079
0.06243,-0.5293
-1.14,0.4589
0.4962,-0.1816
-0.3984,-0.7672
-0.5094,1.062
0.1611,0.722
0.2582,-0.00815
-0.7241,0.7899
0.6331,0.98
0.06591,-1.04
0.4935,-0.163
-0.2685,1.037
0.7904,-0.5903
1.181,0.9575
0.758,-0.2495
-0.5994,0.3794
0.02957,1.042
-0.438,-0.09008
-1.017,0.8031
0.8309,0.1525
0.3819,-0.7349
0.06887,-0.8299
-0.851,0.3766
0.4231,-0.3984
-0.00863,-0.3871
-0.3115,-0.3006
0.7883,0.5712
0.896,-0.9949
0.3905,-0.5297
-0.8481,1.071
0.4139,-0.04194
0.5601,0.3328
0.3381,-1.064
0.2447,0.7125
-0.4826,-0.902
0.3144,0.9211
-0.1263,0.3455
0.8553,-0.6313
0.07372,1.184
0.4204,0.5185
-0.06421,-0.5945
0.306,1.06
-1.174,-1.108
-0.3338,-0.7917
1.002,1.096
0.7482,-0.1696
-1.144,0.8287
-0.3893,0.0505
1.033,1.172
0.9864,0.7295
-0.882,1.187
-0.8946,-0.6522
-0.199,0.02275
0.5832,0.11
-1.096,0.2827
-0.35,-0.3752
-0.1264,-0.6491
-0.2859,0.909
-0.1918,-0.3477
-0.9257,-0.9248
-1.052,0.6149
0.695,1.12
0.2891,0.3989
-0.2502,1.113
-0.5547,0.4822
0.5071,-0.4375
-0.1627,0.2636
-1.103,1.169
-0.08222,-0.5029
1.024,-0.8193
1.149,0.8264
0.5191,-0.1656
1.096,-0.1157
0.9504,-1.181
-1.019,-0.4288
-0.2494,-0.7709
0.3544,0.8889
-1.022,0.1233
-0.4844,-0.4394
1.144,0.5151
0.8563,-0.1172
-0.828,-0.3112
0.1145,-0.7638
-0.3977,0.4099
-0.899,-0.3705
-0.0241,-0.9373
0.6978,-0.03391
1.053,-0.05308
-0.7089,0.1761
-0.7644,0.9949
0.4371,0.2213
0.5062,-0.363
-0.3422,0.7851
0.2937,-0.07877
-0.8366,0.2142
-1.11,-0.6653
0.02941,-0.6835
0.5625,-0.4194
-1.036,0.5194
1.155,-0.4582
1.164,-0.9771
-0.1594,1.193
0.7094,0.1456
-0.9555,0.378
-0.1327,-0.8617
0.6768,0.808
0.2303,-0.9981
-0.1987,-1.113
-0.4209,0.4273
1.058,-1.085
0.7657,0.692
0.2502,-0.5205
-0.6658,0.2515
0.3503,0.8577
0.9245,0.4752
0.3646,0.1745
0.2282,0.8981
-0.4585,0.8339
0.7331,-1.174
1.144,-0.4749
0.4902,0.6092
-0.4755,0.8042
0.9886,-0.3947
0.3676,-0.02417
0.1992,0.9722
-0.5571,0.6868
-0.3779,1.017
-1.069,-0.5245
-0.7498,-1.07
0.9194,-0.3398
-0.7059,-0.9192
-1.001,0.5804
0.5881,0.6931
0.5408,0.9069
0.741,-1.185
-0.1399,-0.8795
0.8374,-0.5727
-0.3701,0.3965
0.1048,-0.8333
0.1969,-1.132
-0.9225,-0.02938
0.6133,-0.3921
-0.477,-0.8254
-0.1593,-0.8737
0.7788,0.6024
-0.3913,0.283
0.6936,-1.019
-1.131,0.01883
-0.4478,0.7689
-0.144,1.156
-0.0771,1.033
0.3718,-0.2249
0.8527,-1.189
0.1731,-0.4648
0.1408,0.05521
-0.6282,0.3103
-0.2898,0.03475
0.5742,-0.9549
-0.791,-0.2096
-1.19,0.1805
0.3986,0.6659
0.00302,0.4689
-0.1002,0.0558
-0.301,0.8446
0.605,-0.5387
1.161,1.137
-0.6847,0.5682
0.1363,-0.7887
-0.3742,-0.8482
0.7551,0.3509
0.5422,-0.1298
-0.5909,-0.3391
-0.7726,-0.1077
0.8206,-1.004
0.7891,-0.2528
-0.07542,0.3446
0.2828,0.6593
0.1276,-1.119
0.4306,-0.4181
-0.4863,-0.7152
-0.1892,-0.5979
-0.9886,0.8922
-0.8212,-0.1971
0.4482,0.3413
-0.3817,-1.117
-0.9412,-0.3472
1.06,-0.262
-1.194,-0.2032
-0.07146,0.5378
0.6951,-0.268
0.3083,-0.8081
0.9588,0.3454
-1.012,-0.6306
-0.081,-0.2809
0.6633,0.5889
0.08475,-0.2677
-0.3442,-0.3427
0.8171,0.1941
0.4863,0.7752
-1.094,-0.9932
-0.6821,-0.9175
0.2545,-0.6172
-0.9297,1.064
0.697,0.05484
0.9578,-0.6741
0.1726,-0.553
-0.2099,-0.5582
0.04346,0.03598
-0.7024,-0.9763
-0.9624,-1.038
-1.091,-0.762
1.087,-1.028
-0.5282,-1.001
1.054,-0.8223
0.8709,-1.154
0.8351,1.095
0.6091,-0.08038
0.8311,1.083
1.076,1.169
0.7919,-1.011
-1.121,1.192
0.6146,-0.496
1.163,-0.5614
0.8742,-1.092
-0.02514,1.04
0.2391,-0.1867
0.5222,0.3496
0.5184,0.7762
-0.2714,-0.0733
0.6265,-0.7778
0.7758,0.0234
0.3867,0.95
0.8087,0.8619
0.573,-0.9332
0.1208,-0.2384
-0.947,-0.9665
0.1637,0.1487
1.193,0.8127
0.8921,-0.1452
0.3509,-0.8478
-0.8812,-0.6801
0.4424,0.5847
-0.8695,0.141
-0.9546,0.893
-0.07132,-0.5854
0.3358,0.2819
0.3033,1.016
-0.6918,0.5586
0.4367,0.8868
-0.2542,-0.3922
1.178,0.5536
-0.9688,0.5806
1.018,-0.685
0.1968,-0.2784
1.105,-1.123
1.159,-0.07094
-0.3562,1.086
-1.099,0.8295
1.01,0.8795
0.2027,-0.4623
0.19,0.162
-0.076,0.1861
-1.053,0.05789
0.1378,-1.101
0.4276,0.9055
1.174,0.6252
-0.4839,0.2826
-0.01691,-0.002772
-0.5216,-1.082
0.6157,-0.6515
-0.142,-0.523
0.7962,-0.6457
-1.16,-0.4458
0.1478,0.02456
-0.6752,0.5706
0.4064,0.8776
0.2889,-0.02832
0.6219,1.191
-0.1465,0.8401
-1.002,0.2106
0.7175,0.7272
0.8454,0.8148
-1.187,0.696
-1.109,-0.5699
-0.7729,0.0986
0.78,-0.4749
0.5076,0.08039
-0.4398,0.7447
-0.2611,1.002
-0.8441,1.078
-0.7685,-0.4907
-0.8826,-1.11
0.7795,-0.1924
1.019,0.8197
-0.2576,0.6349
-0.2025,-0.9509
0.7143,1.084
0.02553,-0.165
-0.362,-0.3466
-0.1797,0.7934
-0.5157,-0.01986
-0.9173,-0.8798
0.6672,-1.082
1.048,0.5515
-0.2859,1.158
-0.1891,-0.6875
0.1714,0.9726
-0.2388,-0.05154
-0.758,0.4418
-1.029,-0.004471
-0.8317,0.8483
0.1893,0.4012
-0.8731,1.066
1,-1.002
-0.0552,-0.01472
0.8068,-0.5095
-0.4008,-0.4311
0.157,-0.7304
-0.9473,-0.3869
0.8911,0.5303
0.1507,-0.1789
0.3811,0.2144
0.3712,-0.3767
-0.5102,-1.13
0.6641,0.1703
-0.09693,0.2094
-1.126,0.2802
-1.09,-0.3588
-0.879,-0.02498
-0.05465,1.078
0.5703,-0.317
-0.4342,-1.196
-0.9924,1.088
0.1846,-1.053
-1.059,-0.06164
0.8116,0.6387
0.3013,0.9127
1.009,-0.3971
-0.3646,0.8986
-0.01749,-0.5402
-0.9884,-1.179
0.9452,0.4447
0.8876,0.6524
0.006747,0.565
-0.7851,-0.0729
-0.9201,0.5188
0.6083,-1.173
-0.3564,-0.5647
0.293,0.7289
0.7668,-0.916
0.005282,-0.2449
0.1803,0.8217
1.144,-0.9179
1.042,-1.017
0.3131,-0.1816
-0.1456,-0.5566
-0.4972,-0.8727
-0.09408,1.042
-1.029,-0.6076
0.6802,0.4377
-0.7108,0.8407
-0.01923,0.9979
0.2187,0.9867
-1.149,0.569
-0.4044,-0.7935
0.7763,0.797
-0.9908,0.426
0.07967,-0.5508
1.044,0.6833
-0.3542,0.5731
0.7602,-0.1847
-1.141,-1.08
-0.6373,-0.2138
0.1463,-0.6987
0.09096,0.3091
-0.1019,0.8694
0.7954,-0.2901
-0.4935,0.1649
-0.4407,-0.3319
0.6448,0.6156
1.11,-0.7389
-0.3807,0.9801
-0.7993,-1.039
0.9775,-0.2333
-0.3152,-1.021
-1.215,0.6466
0.8463,0.7227
-0.8751,-0.4101
-1.023,0.6099
-1.036,-0.5609
0.1026,-0.7645
0.7311,-0.6408
0.7111,0.7143
-0.4092,-0.008095
-0.4571,0.232
0.8345,0.8788
0.7401,0.7408
-0.319,-0.7922
-0.5893,0.759
-0.3167,0.9106
0.6472,-1.201
0.4903,-0.3972
0.7541,-0.7071
0.07493,0.4851
-1.139,0.6589
0.9742,0.3782
0.2046,0.8678
0.9702,-0.6684
1.032,1.145
-0.02734,-0.2757
0.5173,-0.08182
-0.992,-0.2973
-0.144,-0.754
-0.5206,-1.178
-0.5578,-0.66
-0.1816,0.4831
-0.4392,1.186
0.9961,-0.2977
-0.345,0.05578
0.6325,-0.6215
-0.7097,0.8407
0.5923,0.2815
-0.6372,0.8288
-0.388,0.8391
0.9919,-0.6447
-0.9476,0.6919
0.4729,0.562
0.5434,0.1846
0.5414,0.7241
0.4948,0.7534
0.02303,-0.5253
-0.0701,-0.6222
-0.4602,-0.1017
-0.2104,0.5292
0.4104,-0.4658
-0.3869,0.4148
-0.3167,-0.9821
0.9395,0.5775
-0.3355,-0.9885
-0.2742,-0.2235
-0.2547,-0.3214
-0.2563,-0.3363
1.051,-0.946
-1.116,-0.8469
-0.4421,0.1621
-0.8306,-0.8524
-0.3373,0.756
-0.1063,0.9274
0.1082,0.4611
-0.944,-0.4467
-0.7033,-0.4571
0.9013,1.061
0.5952,-0.9634
0.04128,0.3229
0.8993,-0.2517
-0.3912,1.083
-0.2729,0.6567
0.2212,-0.5895
-0.08206,-0.7996
-0.7972,0.2298
-0.4465,-0.6567
-0.7628,0.1353
-0.3176,0.6137
1.176,1.184
0.342,0.9484
-0.01879,0.9885
1.15,-0.1118
-0.517,0.9501
1.174,-0.4952
-1.066,-0.9385
0.8972,-0.1468
0.8662,0.2258
-0.8121,-1.134
1.145,0.4105
1.013,1.073
0.7559,-1.097
-0.6719,0.06394
0.5227,1.131
-0.2313,-0.0879
0.9339,-0.706
0.2302,0.733
0.3375,-0.8002
0.7098,-0.8135
-0.5541,0.7187
1.003,0.3644
0.1314,0.5883
0.5322,-0.9564
-0.06629,0.3674
1.078,0.4547
-0.06194,-0.652
-0.3427,-0.9404
1.094,-0.983
0.8528,-0.5171
0.1582,-0.8123
-0.8333,-0.3162
-0.2373,-0.09896
1.09,0.08457
-0.4277,-0.1532
0.8623,-0.5657
1.071,1.013
1.172,0.3846
-1.122,0.9506
1.062,0.316
-0.5153,0.6776
-0.2641,-0.04954
-0.01607,-0.7367
-0.4381,0.4378
-1.008,1.172
1.026,0.2493
-0.395,0.9608
1.093,0.776
0.9274,-0.02754
-1.139,-0.041
-0.4971,0.0107
1.108,-0.1495
-0.07854,-0.01274
-0.5049,0.4372
-0.5338,0.7791
-0.2727,0.6032
-1.143,-1.019
1.004,1.161
0.5096,0.2778
-1.071,0.497
1.031,1.157
0.5626,0.2942
-0.1744,1.201
0.2511,-1.17
-0.3848,0.8235
-0.5306,0.4799
-1.168,0.633
1.058,0.1832
1.049,0.5385
0.04606,-0.8813
0.8698,1.041
1.067,-1.152
-0.5617,-0.6028
-1.076,0.5548
-0.04281,-0.9604
-0.02649,1.04
0.189,1.104
0.1537,-0.7962
1.025,0.6342
0.1485,0.6232
0.6818,0.7145
-0.1667,0.551
-1.122,1.192
-0.3884,0.7103
0.3335,-0.8813
0.08305,-0.08287
-0.5443,-0.9298
-0.432,-0.8524
-0.3572,-0.9122
0.5232,-1.169
0.9221,-0.2105
-0.2966,0.2252
-0.9706,-0.851
-0.8848,0.2065
0.5042,-0.1986
-0.1938,0.4978
-0.1508,0.8507
0.787,0.9366
0.2844,-0.8348
0.1907,0.3358
0.4089,0.4331
0.9713,-0.7669
0.3634,0.293
0.2703,-1.029
-0.09773,0.7952
-0.04775,-0.8775
0.371,-0.4908
1.19,-1.052
-0.765,0.3156
-0.8687,-0.576
-0.8988,-0.009585
1.14,1.047
-0.1974,-0.5043
1.191,-0.9426
0.9002,-0.0875
-0.2395,-0.783
-0.3584,-0.7498
-1.068,0.09504
-0.9013,1.02
0.8335,-0.0255
0.435,-0.0613
0.435,-0.7572
-1.05,0.8476
-0.4832,0.9372
0.2552,-0.3537
-0.09922,0.4951
-0.5994,0.1656
-0.6733,1.178
0.1681,0.1402
-0.08304,0.8256
-0.8778,0.4174
-0.09109,-0.04016
0.5524,-1.139
-1.112,0.06004
1.018,0.9256
-0.5394,-1.187
-0.8151,0.3089
-0.4806,-1.169
-0.593,0.9878
1.191,-0.8125
-0.8117,-1.035
-0.8562,0.3155
0.2547,-0.4915
0.7381,-0.1635
0.7285,0.1609
-0.856,-0.05651
0.03496,0.8401
0.2235,-0.2079
-0.09147,0.4872
-0.5689,-0.0748
1.105,-0.2914
-0.3938,-0.6776
0.09492,-0.6161
0.8687,0.5285
0.3186,0.1813
0.2627,-0.7702
1.028,-0.6019
0.02125,0.9477
0.1845,0.8594
0.7731,0.8737
0.4722,1.093
0.4962,0.3223
0.1475,-0.4403
0.6487,0.8331
0.1756,0.8244
-0.02372,-1.034
0.9168,-0.9298
-0.3665,-0.7002
0.1648,1.172
-0.2948,-0.06881
1.191,0.1937
0.7645,1.017
-0.5373,-0.3335
-0.9785,-0.2049
0.3135,-0.3107
0.307,0.8615
-1.098,0.3349
1.113,0.3842
-0.4458,0.1449
-1.072,-0.1388
0.6018,0.06741
0.3756,-0.6953
-0.3979,0.7694
0.8219,1.101
-0.1755,1.165
0.602,-1.091
-0.2243,-0.3229
-0.3689,0.6899
-0.4293,-0.7336
0.5714,-1.094
0.7566,1.178
-0.6639,-0.2374
-1.01,-0.2387
0.4773,1.19
-0.7886,-1.109
-0.479,-0.0009204
0.4048,-0.4675
0.7423,-0.88
-1.191,0.9851
-0.0509,-0.3432
0.08589,0.516
1.182,-0.7369
-1.119,0.778
-0.9277,-0.1485
0.9222,0.545
-1.147,-1.196
-1.071,0.7233
1.114,-0.7465
0.6891,-1.025
-0.404,0.07501
-0.4485,0.7143
-0.1072,0.5317
-0.0549,-0.7181
1.131,1.077
-0.3073,0.05173
0.8749,-0.9659
0.4357,-1.006
-0.7711,-0.4942
0.5521,-1.052
0.2914,-0.6483
-0.06991,0.4194
1.109,1.128
0.563,0.05668
0.02009,-1.145
0.5967,0.7155
-0.05556,-0.6986
0.7373,0.6199
0.8859,-0.9367
-0.6172,0.006742
0.125,0.01766
-1.089,0.8173
-0.1529,0.1699
-0.9698,-0.5184
-0.827,0.9561
0.3265,-0.6084
-1.01,0.9691
0.5714,0.7874
-1.182,0.7683
0.1056,-0.6022
-0.8799,0.69
-1.064,-0.1205
0.6823,-0.6794
1.017,-0.6581
0.6825,0.0443
0.2498,-0.3801
-1.053,0.3053
-0.3351,0.698
-0.2343,0.8655
-0.7287,-0.824
0.9232,-1.183
0.688,-0.756
0.1735,0.7611
-0.035,0.8393
-0.04811,-1.157
-0.4377,0.8476
0.4241,0.5534
0.008646,-0.8485
0.2771,-0.3966
-0.04613,0.9839
-0.2314,-0.6092
-1.192,0.5178
-1.155,-0.8568
0.6754,0.7135
0.6965,-1.017
-0.3982,-0.01849
-0.3758,1.082
-0.1745,-0.724
-0.672,-0.04645
0.6222,-0.173
0.6055,0.1922
-1.16,0.3658
-0.1576,-1.134
-1.105,-0.1047
-0.9918,0.4794
0.3671,0.8889
0.6794,-1.089
0.8251,-0.2653
-0.4127,-0.5162
-1.094,-0.1367
0.567,-1.033
-0.3349,-0.8028
0.9321,0.8532
0.8261,-0.6175
-0.3246,-1.138
0.4554,0.7723
0.677,-0.3806
-0.6885,0.8605
0.1759,-0.1413
-0.6552,-0.02342
-0.7677,0.6101
-0.2749,-1.154
0.4074,0.6876
0.9507,-0.1974
-0.5785,0.5679
0.4839,0.779
0.5512,0.4042
-1.114,0.4771
-0.2406,0.391
-1.048,-0.9933
0.1372,-0.59
-0.7195,-0.02969
-0.8019,-0.7243
-0.2359,-0.7046
0.5274,-0.2705
0.006057,-0.5715
-0.9509,1.077
0.4295,-0.666
-0.1419,-0.4432
0.3632,-0.2837
0.9864,0.2914
-1.17,1.082
0.3189,0.008658
-0.7821,-0.649
1.047,-0.9351
-0.2134,1.054
0.4106,0.6258
1.025,0.773
-0.7408,0.06296
-0.44,-0.997
-0.2609,-0.6422
0.9037,-0.5106
-0.1056,-0.5719
0.9771,-0.1837
0.6215,-0.0553
-0.1395,-1.087
1.15,0.8965
0.8944,1.058
0.9895,-0.08981
0.187,-0.2439
-0.866,-0.8623
0.8765,0.6102
0.7195,0.6441
1.066,-1.048
-0.2487,-1.121
-1.159,0.3357
0.2338,0.1911
0.5719,-0.4529
0.9535,0.3016
1.187,0.6363
0.0878,-0.4587
-0.09367,0.02449
-0.8632,1.217
-1.033,0.9454
-1.092,0.3138
0.5617,1.047
0.3139,0.4593
0.9292,-0.1617
0.428,-0.2737
-0.02975,-0.8788
-0.5276,-0.8989
-1.074,0.8362
0.6744,0.2217
-0.338,0.6859
-0.5675,-0.2939
-0.8295,-1.168
-0.7244,-1.196
0.5512,-0.5772
-0.984,0.4143
0.4383,0.6244
-0.1956,0.2049
0.2082,-0.2606
-0.01747,1.203
-0.08721,-0.4924
0.2691,-1.11
-0.6043,-1.171
-0.914,-0.5567
1.105,0.2657
0.5972,-0.3926
-0.5321,-0.01382
-0.9396,-1.063
0.2685,-0.7264
0.03007,-0.7199
-0.3974,0.9825
0.2777,1.069
0.4541,0.8209
1.132,-0.2471
1.064,-1.07
-0.9496,-0.3207
0.7526,0.8333
0.3682,0.1993
-0.06094,-0.2534
-0.5987,0.06565
0.06935,1.074
0.853,-0.7735
-0.2418,-0.7235
-1.072,0.8352
0.9677,0.07289
-0.3182,0.9755
-1.131,-0.05286
-0.944,-0.07103
-0.1532,-0.422
0.6162,-0.3379
0.6746,-0.229
0.8013,-0.357
0.1909,-0.4174
1.118,0.001955
-0.3926,0.7451
0.07124,-0.4842
0.2177,-0.415
0.04602,-0.09362
-0.724,1.109
-0.5432,0.425
-0.5994,-0.9191
0.45,0.473
-0.2107,0.1472
-0.9738,0.879
-0.9723,-0.4327
0.125,-0.7931
0.6991,-0.948
0.08252,-0.2139
0.793,-0.9953
-0.4301,-0.3005
-0.5299,1.122
-0.02008,-1.157
0.6458,0.516
-0.1863,-0.2145
0.1748,-0.2472
0.7379,1.061
0.92,1.085
0.7382,-0.8888
-0.9828,0.8212
1.07,-0.03245
-1.205,-1.151
0.711,1.201
-0.4488,0.07271
0.4498,1.107
0.8964,0.3896
0.03847,0.5829
-0.7991,0.2794
0.3098,-0.02809
-0.5437,-0.6214
0.2493,0.3941
0.7645,0.5567
-0.6276,-1.175
-0.3168,0.9959
-0.9089,0.2233
0.5251,1.074
-0.8392,-0.339
1.116,0.7955
1.105,0.6942
-0.3664,-0.7172
0.7066,-0.297
-0.6287,0.9851
-0.7817,0.5608
0.9411,0.391
0.913,-0.425
0.1679,0.9351
0.7104,0.6374
-0.6736,1.176
0.5918,-0.15
0.2941,-0.6758
-0.94,0.9736
-0.4293,-0.6386
0.9017,-0.05571
0.05592,0.1954
0.9513,1.123
1.073,1.065
-0.119,0.6879
-0.8692,-0.1918
0.866,0.8797
0.5141,-0.7839
-0.5387,0.1216
-0.298,-0.3884
-1.206,0.7755
0.5808,0.3564
-0.2413,0.7365
-0.4291,0.2267
0.3407,-1.054
-0.4004,0.1948
0.3394,-0.8388
0.6389,-0.189
0.1308,0.3099
-0.5629,0.3035
0.5011,0.6725
0.3245,0.9114
1.027,0.4917
0.06584,-0.6493
-0.6146,1.138
-1.128,-0.4671
1.177,-0.1029
0.9002,-1.142
-0.9136,-0.1574
-0.9376,0.2714
-0.117,-0.8422
-1.204,-1.118
0.6726,0.5244
0.8407,-1.198
-1.04,1.045
0.9642,0.03252
1.044,-0.7735
1.121,0.04727
0.3823,0.8829
0.7529,0.1471
-0.3154,-1.048
-0.3017,-0.2759
-0.1149,0.02758
-0.168,-0.3919
0.006762,-0.5297
-0.2787,-0.4461
0.6785,-0.7542
0.8795,-0.1561
-1.021,-0.7798
1.005,0.1463
1.077,0.04793
0.6135,0.2575
0.3523,0.1983
0.475,-0.5802
-1.096,0.6156
0.7476,0.7985
-0.3505,0.9806
-0.1864,-0.3805
-0.02696,0.9765
-0.5756,0.6096
0.5323,-0.4723
-0.03891,0.9016
-0.1579,-0.1235
1.048,-0.3639
1.127,-0.194
-0.1131,-0.9899
-1.133,-1.106
-0.4306,1.135
-0.971,-0.7402
0.5628,-0.6051
-0.8205,-0.6065
-0.2589,0.4682
0.7364,0.9138
0.003399,-0.09059
1.18,-0.8981
-0.9738,0.5571
-0.2161,-1.021
0.9875,0.5601
0.6297,-0.612
-0.446,0.6655
-1.146,0.5326
0.9724,0.1219
0.159,1.118
0.8358,1.071
-0.6038,0.6041
0.2775,1.176
-0.7508,1.097
-1.109,0.5168
0.02392,-0.6196
-0.5005,0.8693
-0.6964,0.1256
-0.7278,0.6594
-0.09882,0.5622
0.03489,0.3589
-0.1278,-0.08621
-0.9847,-0.5562
0.1908,0.3672
0.4264,0.2755
-0.196,0.1324
0.9215,-0.9957
1.077,0.01467
0.6523,-0.9547
0.7035,-0.7235
0.2342,-0.05213
0.4191,-1.007
-0.9894,-0.8765
1.077,0.7308
0.5612,1.029
-0.1719,-0.05002
-0.9603,-1.146
0.9592,0.4538
1.1,-0.2735
0.4737,0.7766
0.9,0.9803
0.9592,0.4438
0.4381,0.5445
0.2264,-0.6218
1.202,-0.473
0.376,0.8122
-0.8115,-0.493
0.2496,-0.439
0.7844,0.794
0.6748,0.4726
-0.8415,-0.836
-0.1084,0.6907
0.9031,0.9766
0.3336,-0.7446
0.2765,-0.1971
-0.7539,0.6292
0.7715,0.4419
0.8757,-0.07802
0.1497,1.027
-0.2637,-1.175
0.8121,1.044
-1.005,-0.3314
-0.453,-0.6361
-0.3111,0.8383
0.1653,0.2178
0.2777,0.5795
0.762,-0.341
-1.129,-0.5399
0.6182,-0.05
-1.061,0.2034
-0.7158,-1.021
-0.8583,-1.13
0.09334,0.7111
0.4113,-0.06354
0.3113,0.3749
-0.8032,-0.4665
-0.7223,0.5001
-0.9141,0.147
-0.1418,-0.04401
-0.1015,-0.9873
-0.6348,-0.701
0.7257,0.4122
-0.3508,0.5045
-0.4345,0.2534
-0.9685,-0.7847
-0.9718,0.1038
-0.2571,-1.11
0.3899,-0.9389
1.162,-1.075
0.6454,-0.653
-0.2119,-0.7391
0.4875,-0.9348
-0.6515,-0.6123
0.5698,0.8556
0.3188,-0.8253
-0.1491,-0.4524
-0.08725,-1.105
0.2695,-1.093
0.6213,-0.6661
-0.2748,0.728
0.0002082,-1.084
-0.2028,0.7639
0.2085,0.6622
-0.0193,-1.05
-0.02194,-0.2019
0.903,0.8355
-0.8856,0.185
0.7674,0.2547
-1.121,1.016
-0.04784,1.178
-1.151,0.4469
0.738,-1.079
1.031,0.8005
-0.4876,0.3627
0.5042,-0.9093
-0.6471,1.045
0.007403,-0.1636
-0.9333,-0.9147
0.7724,-0.5966
-0.7334,0.2056
-0.134,0.905
1.087,-0.1189
-0.7052,1.05
0.8349,0.3877
-1.101,1.017
-0.3101,-1.147
0.7043,0.875
0.9754,0.3053
0.5041,1.122
-1.165,0.143
0.9201,-0.8572
-0.05155,-0.2847
1.159,0.07428
-0.4278,-0.4093
0.9938,-0.7609
0.9712,-0.8159
-0.2692,0.004999
-0.1994,-0.9896
-0.7432,-0.4809
0.4887,-0.4863
-1.004,0.05496
-1.076,-0.2852
-0.1358,-0.4912
0.2256,-1.087
-1.097,0.6413
-0.8781,-0.4876
0.2037,0.7501
0.008568,-1.117
0.4252,-1.019
-0.8762,0.2603
-0.5132,1.182
-1.04,0.4229
-0.2243,-0.353
1.057,0.2501
0.2995,-0.5715
1.112,0.4275
0.02652,1.144
1.132,-1.164
-1.093,0.8156
-1.013,-0.9856
-0.01197,-0.337
0.9705,0.4659
-1.074,0.1637
0.9067,0.3315
0.4293,-0.2563
-0.1675,-0.1326
-0.855,0.02291
0.3176,-0.3059
-0.8912,0.7476
0.2294,-0.8508
0.6797,-0.3806
0.8514,-0.8022
0.241,-0.8796
-0.2831,-1.156
1.098,-0.9111
-0.4791,-0.6763
-0.1642,-0.56
0.8444,-1.15
-0.3581,-1.089
-0.3986,0.9528
-0.6992,-0.9637
-0.179,-1.108
-1.016,0.3758
-0.04354,1.084
-1.077,0.3785
-1.061,0.7239
-0.3775,-1.202
0.7095,-0.9611
0.0802,-0.3147
-0.5039,0.6116
0.06129,0.8002
-0.05935,0.2123
0.2782,0.2789
-0.8568,0.8526
0.05107,-0.1411
1.113,0.09901
0.9565,0.7778
-0.6581,0.5858
-0.9043,-0.7952
0.3164,-1.163
0.7883,-0.6469
0.897,-0.9846
-0.2296,-0.6076
0.3007,-0.7211
0.3269,-0.8442
0.1228,-0.2915
0.5273,-0.2324
1.07,1.1
0.3496,0.1461
0.6862,0.6724
-0.2192,-0.8635
-0.8935,-0.1051
0.4244,-0.7192
0.8069,-0.07672
0.1135,0.6876
-0.8298,-0.9779
-1.105,-0.3228
1.015,-0.447
-0.9496,0.3449
-1.109,-1.025
1.147,0.7747
0.4613,0.4587
0.7148,0.09186
-1.007,0.6817
0.1423,-0.9884
0.4999,0.7322
-0.4375,-0.2819
-0.1912,-0.01949
-0.2229,0.005806
0.2081,-1.076
0.01104,-1.148
-0.8868,-0.7946
-0.6555,0.7924
0.3034,0.8065
-0.6665,-0.3285
0.1314,0.3015
0.7844,-0.8103
-0.5214,0.5394
1.021,1.206
-0.6308,-0.5945
0.2731,0.5901
0.06197,0.4056
0.3418,-0.9808
0.2941,0.209
0.8922,-0.8106
0.2639,-0.2749
-0.3385,0.7343
-0.8367,0.1974
-0.5059,-0.5707
-0.6661,0.943
-0.3748,0.3851
-0.9885,-0.02452
-1.027,0.8166
-1.176,-0.3642
0.6008,0.1611
0.8102,-0.746
-0.2776,-0.2151
-1.117,0.02407
0.7273,-0.2756
-0.1556,-1.1
-0.2726,-1.136
-0.8392,0.923
-0.4906,-0.6952
0.48,-0.4656
0.3619,-0.542
-0.4577,-0.6144
0.6914,0.1343
-0.08092,-0.5603
-0.9779,0.5772
0.2601,0.3385
0.318,-0.4682
-0.755,0.4267
-1.093,-0.8267
0.9539,0.5471
0.4955,0.2373
-0.3308,-0.9623
-0.6439,-0.07998
0.7987,-1.004
-0.4215,-0.3831
1.189,-0.3573
-0.3761,0.4185
-0.1044,-0.9944
0.2805,0.1627
0.5232,-1.116
0.9752,-0.5058
-1.042,-0.6452
-1.145,-0.4223
-1.145,0.58
0.556,-0.9687
0.5349,-0.8859
0.8897,-0.8027
-1.156,-1.017
0.3611,1.158
-0.8821,0.9475
0.9981,-0.1542
-0.9029,-0.5848
-0.3099,1.019
0.1921,-0.4398
-1.155,0.08388
-0.5524,0.8569
-0.333,-0.3124
0.1607,1.11
0.6741,-1.031
-0.4458,0.988
-0.195,0.8122
0.4284,0.1407
0.7161,-0.2142
-1.038,-1.104
0.8914,-0.596
-0.8533,0.204
0.7075,1.183
0.6923,0.7672
-0.08216,-1.049
1.121,-0.2654
-1.185,-0.6936
-1.089,-0.6631
0.8342,0.6137
0.7653,-0.158
-0.4949,-1.153
-0.4186,-0.3831
0.8533,0.4491
0.672,-0.5998
-0.8243,1.074
-0.6182,-0.7145
-1.198,0.059
1.071,-0.4034
0.1353,0.5157
-0.9741,-0.7517
-0.1263,-1.098
0.03885,0.887
-1,0.614
-0.379,0.165
0.6692,0.294
0.1873,-0.9658
0.995,0.8372
-0.2144,0.8727
-0.7036,-0.8
0.4225,-0.9438
-0.539,0.2582
-1.096,-1.068
0.1433,-0.9308
-1.126,0.6034
-0.6883,0.01426
0.8806,1.126
-0.7519,0.8375
0.6887,0.4328
0.1263,-1.124
-0.3228,-0.538
-1.17,1.018
0.9347,-1.071
1.049,-0.5847
0.5541,0.5668
0.7641,0.831
-0.2904,0.5384
-0.5604,0.723
1.083,0.02212
0.6883,-0.7089
-0.6483,-0.5083
-0.719,0.9114
1.027,-0.7988
-0.4211,-0.8328
0.2836,-0.009398
0.3586,-0.5913
-0.8738,0.9505
0.4996,-0.9249
-0.2245,0.8569
0.7287,-0.9683
-0.8084,0.955
0.8588,-1.018
-0.008739,-1.08
0.05711,1.016
0.9901,-1.158
1.082,-0.7227
0.722,-0.4642
1.037,0.3096
0.2375,-0.9489
-0.8813,-0.42
0.6721,0.7626
1.18,-0.7421
-0.7373,-0.669
-0.7313,-0.3665
0.9769,-0.8832
0.6764,0.8891
-0.8171,-0.3952
1.026,0.2679
-0.1652,-0.3845
-0.784,-0.9858
-0.8611,0.5951
-0.2681,-0.2768
-0.5569,-0.07008
-0.7672,1.167
-0.2798,-0.1496
0.9725,0.06121
0.3366,-1.094
0.4541,-0.1549
0.4603,-0.07791
-0.6381,-0.6108
0.6555,0.06617
-1.026,-0.005124
0.9246,0.3443
0.8825,-0.6139
0.1943,0.1738
-0.3406,-0.2155
-0.2466,-1.123
0.3374,-1.11
0.2214,-0.7542
-0.2686,1.054
-0.684,-0.4328
0.0988,0.3137
1.08,0.9555
0.2429,-0.3828
-0.08439,0.5468
-0.7576,0.7533
0.6675,-0.7126
-0.1647,1.065
-0.09321,1.177
-0.7558,-0.02802
-0.02447,-0.3069
-0.4812,0.0276
1.05,-0.2008
-0.1448,-0.3231
0.1727,1.095
-1.131,0.9324
-0.3164,-0.18
-0.2955,-0.1174
0.186,-0.1151
-0.08641,-0.1402
0.1636,0.2708
0.4949,0.4941
